28
1 48.4444444444444 54.1428571428571
2 49.7222222222222 51.2857142857143
3 43.8333333333333 48.7142857142857
4 56.6111111111111 53.9285714285714
5 58.6666666666667 50
6 62.6111111111111 52
7 67.4444444444444 54
8 70 49.6428571428571
9 61.2777777777778 45.8571428571428
10 65.2777777777778 57.6428571428571
11 61.8333333333333 53.8571428571428
12 57.7222222222222 51.8571428571428
13 66.6666666666667 55.7857142857143
14 69.0555555555556 51.7142857142857
15 72.9444444444444 53.1428571428571
16 65.5555555555556 48.1428571428571
17 52.8888888888889 49.2857142857143
18 54.8888888888889 50.8571428571428
19 53.7222222222222 48
20 51.7777777777778 51.6428571428571
21 55 56.4285714285714
22 64.1666666666667 60
23 69.6111111111111 59.4285714285714
24 71.6111111111111 55.5714285714286
25 48.2222222222222 50.5
26 66.7222222222222 46.3571428571428
27 61.05555555555556 55.714285714285715
32 66.61111111111111 58.642857142857146
1 1 2 
2 3 25 1 20 
3 1 25 
4 4 12 21 20 27 
5 4 19 12 9 6 
6 3 5 7 11 
7 4 6 14 24 13 
8 2 16 14 
9 2 5 16 
10 5 13 23 22 27 32 
11 4 12 6 13 27 
12 4 18 5 4 11 
13 3 7 10 11 
14 3 8 7 15 
15 2 14 24 
16 3 9 8 26 
17 3 20 18 19 
18 2 17 12 
19 2 17 5 
20 3 2 17 4 
21 1 4 
22 1 10 
23 2 10 24 
24 3 15 7 23 
25 2 3 2 
26 1 16 
27 3 4 11 10 
32 1 10 
