1 1 
1 
48.4444 54.1429 
1 2 
2 
48.4444 54.1429 49.7222 51.2857 
1 3 
3 
48.4444 54.1429 48.2222 50.5 43.8333 48.7143 
1 4 
6 
48.4444 54.1429 51.7778 51.6429 52.8889 49.2857 54.8889 50.8571 57.7222 51.8571 56.6111 53.9286 
1 5 
6 
48.4444 54.1429 51.7778 51.6429 52.8889 49.2857 54.8889 50.8571 57.7222 51.8571 58.6667 50 
1 6 
7 
48.4444 54.1429 51.7778 51.6429 52.8889 49.2857 54.8889 50.8571 57.7222 51.8571 58.6667 50 62.6111 52 
1 7 
8 
48.4444 54.1429 51.7778 51.6429 52.8889 49.2857 54.8889 50.8571 57.7222 51.8571 58.6667 50 62.6111 52 67.4444 54 
1 8 
10 
48.4444 54.1429 51.7778 51.6429 52.8889 49.2857 54.8889 50.8571 57.7222 51.8571 58.6667 50 62.6111 52 67.4444 54 69.0556 51.7143 70 49.6429 
1 9 
7 
48.4444 54.1429 51.7778 51.6429 52.8889 49.2857 54.8889 50.8571 57.7222 51.8571 58.6667 50 61.2778 45.8571 
1 10 
8 
48.4444 54.1429 51.7778 51.6429 52.8889 49.2857 54.8889 50.8571 57.7222 51.8571 61.8333 53.8571 61.0556 55.7143 65.2778 57.6429 
1 11 
6 
48.4444 54.1429 51.7778 51.6429 52.8889 49.2857 54.8889 50.8571 57.7222 51.8571 61.8333 53.8571 
1 12 
5 
48.4444 54.1429 51.7778 51.6429 52.8889 49.2857 54.8889 50.8571 57.7222 51.8571 
1 13 
7 
48.4444 54.1429 51.7778 51.6429 52.8889 49.2857 54.8889 50.8571 57.7222 51.8571 61.8333 53.8571 66.6667 55.7857 
1 14 
9 
48.4444 54.1429 51.7778 51.6429 52.8889 49.2857 54.8889 50.8571 57.7222 51.8571 58.6667 50 62.6111 52 67.4444 54 69.0556 51.7143 
1 15 
10 
48.4444 54.1429 51.7778 51.6429 52.8889 49.2857 54.8889 50.8571 57.7222 51.8571 58.6667 50 62.6111 52 67.4444 54 69.0556 51.7143 72.9444 53.1429 
1 16 
8 
48.4444 54.1429 51.7778 51.6429 52.8889 49.2857 54.8889 50.8571 57.7222 51.8571 58.6667 50 61.2778 45.8571 65.5556 48.1429 
1 17 
3 
48.4444 54.1429 51.7778 51.6429 52.8889 49.2857 
1 18 
4 
48.4444 54.1429 51.7778 51.6429 52.8889 49.2857 54.8889 50.8571 
1 19 
4 
48.4444 54.1429 51.7778 51.6429 52.8889 49.2857 53.7222 48 
1 20 
2 
48.4444 54.1429 51.7778 51.6429 
1 21 
7 
48.4444 54.1429 51.7778 51.6429 52.8889 49.2857 54.8889 50.8571 57.7222 51.8571 56.6111 53.9286 55 56.4286 
1 22 
9 
48.4444 54.1429 51.7778 51.6429 52.8889 49.2857 54.8889 50.8571 57.7222 51.8571 61.8333 53.8571 61.0556 55.7143 65.2778 57.6429 64.1667 60 
1 23 
9 
48.4444 54.1429 51.7778 51.6429 52.8889 49.2857 54.8889 50.8571 57.7222 51.8571 61.8333 53.8571 61.0556 55.7143 65.2778 57.6429 69.6111 59.4286 
1 24 
9 
48.4444 54.1429 51.7778 51.6429 52.8889 49.2857 54.8889 50.8571 57.7222 51.8571 58.6667 50 62.6111 52 67.4444 54 71.6111 55.5714 
1 25 
2 
48.4444 54.1429 48.2222 50.5 
1 26 
9 
48.4444 54.1429 51.7778 51.6429 52.8889 49.2857 54.8889 50.8571 57.7222 51.8571 58.6667 50 61.2778 45.8571 65.5556 48.1429 66.7222 46.3571 
1 27 
7 
48.4444 54.1429 51.7778 51.6429 52.8889 49.2857 54.8889 50.8571 57.7222 51.8571 61.8333 53.8571 61.0556 55.7143 
1 32 
9 
48.4444 54.1429 51.7778 51.6429 52.8889 49.2857 54.8889 50.8571 57.7222 51.8571 61.8333 53.8571 61.0556 55.7143 65.2778 57.6429 66.6111 58.6429 
2 1 
2 
49.7222 51.2857 48.4444 54.1429 
2 2 
1 
49.7222 51.2857 
2 3 
3 
49.7222 51.2857 48.2222 50.5 43.8333 48.7143 
2 4 
6 
49.7222 51.2857 51.7778 51.6429 52.8889 49.2857 54.8889 50.8571 57.7222 51.8571 56.6111 53.9286 
2 5 
6 
49.7222 51.2857 51.7778 51.6429 52.8889 49.2857 54.8889 50.8571 57.7222 51.8571 58.6667 50 
2 6 
7 
49.7222 51.2857 51.7778 51.6429 52.8889 49.2857 54.8889 50.8571 57.7222 51.8571 58.6667 50 62.6111 52 
2 7 
8 
49.7222 51.2857 51.7778 51.6429 52.8889 49.2857 54.8889 50.8571 57.7222 51.8571 58.6667 50 62.6111 52 67.4444 54 
2 8 
10 
49.7222 51.2857 51.7778 51.6429 52.8889 49.2857 54.8889 50.8571 57.7222 51.8571 58.6667 50 62.6111 52 67.4444 54 69.0556 51.7143 70 49.6429 
2 9 
7 
49.7222 51.2857 51.7778 51.6429 52.8889 49.2857 54.8889 50.8571 57.7222 51.8571 58.6667 50 61.2778 45.8571 
2 10 
8 
49.7222 51.2857 51.7778 51.6429 52.8889 49.2857 54.8889 50.8571 57.7222 51.8571 61.8333 53.8571 61.0556 55.7143 65.2778 57.6429 
2 11 
6 
49.7222 51.2857 51.7778 51.6429 52.8889 49.2857 54.8889 50.8571 57.7222 51.8571 61.8333 53.8571 
2 12 
5 
49.7222 51.2857 51.7778 51.6429 52.8889 49.2857 54.8889 50.8571 57.7222 51.8571 
2 13 
7 
49.7222 51.2857 51.7778 51.6429 52.8889 49.2857 54.8889 50.8571 57.7222 51.8571 61.8333 53.8571 66.6667 55.7857 
2 14 
9 
49.7222 51.2857 51.7778 51.6429 52.8889 49.2857 54.8889 50.8571 57.7222 51.8571 58.6667 50 62.6111 52 67.4444 54 69.0556 51.7143 
2 15 
10 
49.7222 51.2857 51.7778 51.6429 52.8889 49.2857 54.8889 50.8571 57.7222 51.8571 58.6667 50 62.6111 52 67.4444 54 69.0556 51.7143 72.9444 53.1429 
2 16 
8 
49.7222 51.2857 51.7778 51.6429 52.8889 49.2857 54.8889 50.8571 57.7222 51.8571 58.6667 50 61.2778 45.8571 65.5556 48.1429 
2 17 
3 
49.7222 51.2857 51.7778 51.6429 52.8889 49.2857 
2 18 
4 
49.7222 51.2857 51.7778 51.6429 52.8889 49.2857 54.8889 50.8571 
2 19 
4 
49.7222 51.2857 51.7778 51.6429 52.8889 49.2857 53.7222 48 
2 20 
2 
49.7222 51.2857 51.7778 51.6429 
2 21 
7 
49.7222 51.2857 51.7778 51.6429 52.8889 49.2857 54.8889 50.8571 57.7222 51.8571 56.6111 53.9286 55 56.4286 
2 22 
9 
49.7222 51.2857 51.7778 51.6429 52.8889 49.2857 54.8889 50.8571 57.7222 51.8571 61.8333 53.8571 61.0556 55.7143 65.2778 57.6429 64.1667 60 
2 23 
9 
49.7222 51.2857 51.7778 51.6429 52.8889 49.2857 54.8889 50.8571 57.7222 51.8571 61.8333 53.8571 61.0556 55.7143 65.2778 57.6429 69.6111 59.4286 
2 24 
9 
49.7222 51.2857 51.7778 51.6429 52.8889 49.2857 54.8889 50.8571 57.7222 51.8571 58.6667 50 62.6111 52 67.4444 54 71.6111 55.5714 
2 25 
2 
49.7222 51.2857 48.2222 50.5 
2 26 
9 
49.7222 51.2857 51.7778 51.6429 52.8889 49.2857 54.8889 50.8571 57.7222 51.8571 58.6667 50 61.2778 45.8571 65.5556 48.1429 66.7222 46.3571 
2 27 
7 
49.7222 51.2857 51.7778 51.6429 52.8889 49.2857 54.8889 50.8571 57.7222 51.8571 61.8333 53.8571 61.0556 55.7143 
2 32 
9 
49.7222 51.2857 51.7778 51.6429 52.8889 49.2857 54.8889 50.8571 57.7222 51.8571 61.8333 53.8571 61.0556 55.7143 65.2778 57.6429 66.6111 58.6429 
3 1 
4 
43.8333 48.7143 48.2222 50.5 49.7222 51.2857 48.4444 54.1429 
3 2 
3 
43.8333 48.7143 48.2222 50.5 49.7222 51.2857 
3 3 
1 
43.8333 48.7143 
3 4 
8 
43.8333 48.7143 48.2222 50.5 49.7222 51.2857 51.7778 51.6429 52.8889 49.2857 54.8889 50.8571 57.7222 51.8571 56.6111 53.9286 
3 5 
8 
43.8333 48.7143 48.2222 50.5 49.7222 51.2857 51.7778 51.6429 52.8889 49.2857 54.8889 50.8571 57.7222 51.8571 58.6667 50 
3 6 
9 
43.8333 48.7143 48.2222 50.5 49.7222 51.2857 51.7778 51.6429 52.8889 49.2857 54.8889 50.8571 57.7222 51.8571 58.6667 50 62.6111 52 
3 7 
10 
43.8333 48.7143 48.2222 50.5 49.7222 51.2857 51.7778 51.6429 52.8889 49.2857 54.8889 50.8571 57.7222 51.8571 58.6667 50 62.6111 52 67.4444 54 
3 8 
12 
43.8333 48.7143 48.2222 50.5 49.7222 51.2857 51.7778 51.6429 52.8889 49.2857 54.8889 50.8571 57.7222 51.8571 58.6667 50 62.6111 52 67.4444 54 69.0556 51.7143 70 49.6429 
3 9 
9 
43.8333 48.7143 48.2222 50.5 49.7222 51.2857 51.7778 51.6429 52.8889 49.2857 54.8889 50.8571 57.7222 51.8571 58.6667 50 61.2778 45.8571 
3 10 
10 
43.8333 48.7143 48.2222 50.5 49.7222 51.2857 51.7778 51.6429 52.8889 49.2857 54.8889 50.8571 57.7222 51.8571 61.8333 53.8571 61.0556 55.7143 65.2778 57.6429 
3 11 
8 
43.8333 48.7143 48.2222 50.5 49.7222 51.2857 51.7778 51.6429 52.8889 49.2857 54.8889 50.8571 57.7222 51.8571 61.8333 53.8571 
3 12 
7 
43.8333 48.7143 48.2222 50.5 49.7222 51.2857 51.7778 51.6429 52.8889 49.2857 54.8889 50.8571 57.7222 51.8571 
3 13 
9 
43.8333 48.7143 48.2222 50.5 49.7222 51.2857 51.7778 51.6429 52.8889 49.2857 54.8889 50.8571 57.7222 51.8571 61.8333 53.8571 66.6667 55.7857 
3 14 
11 
43.8333 48.7143 48.2222 50.5 49.7222 51.2857 51.7778 51.6429 52.8889 49.2857 54.8889 50.8571 57.7222 51.8571 58.6667 50 62.6111 52 67.4444 54 69.0556 51.7143 
3 15 
12 
43.8333 48.7143 48.2222 50.5 49.7222 51.2857 51.7778 51.6429 52.8889 49.2857 54.8889 50.8571 57.7222 51.8571 58.6667 50 62.6111 52 67.4444 54 69.0556 51.7143 72.9444 53.1429 
3 16 
10 
43.8333 48.7143 48.2222 50.5 49.7222 51.2857 51.7778 51.6429 52.8889 49.2857 54.8889 50.8571 57.7222 51.8571 58.6667 50 61.2778 45.8571 65.5556 48.1429 
3 17 
5 
43.8333 48.7143 48.2222 50.5 49.7222 51.2857 51.7778 51.6429 52.8889 49.2857 
3 18 
6 
43.8333 48.7143 48.2222 50.5 49.7222 51.2857 51.7778 51.6429 52.8889 49.2857 54.8889 50.8571 
3 19 
6 
43.8333 48.7143 48.2222 50.5 49.7222 51.2857 51.7778 51.6429 52.8889 49.2857 53.7222 48 
3 20 
4 
43.8333 48.7143 48.2222 50.5 49.7222 51.2857 51.7778 51.6429 
3 21 
9 
43.8333 48.7143 48.2222 50.5 49.7222 51.2857 51.7778 51.6429 52.8889 49.2857 54.8889 50.8571 57.7222 51.8571 56.6111 53.9286 55 56.4286 
3 22 
11 
43.8333 48.7143 48.2222 50.5 49.7222 51.2857 51.7778 51.6429 52.8889 49.2857 54.8889 50.8571 57.7222 51.8571 61.8333 53.8571 61.0556 55.7143 65.2778 57.6429 64.1667 60 
3 23 
11 
43.8333 48.7143 48.2222 50.5 49.7222 51.2857 51.7778 51.6429 52.8889 49.2857 54.8889 50.8571 57.7222 51.8571 61.8333 53.8571 61.0556 55.7143 65.2778 57.6429 69.6111 59.4286 
3 24 
11 
43.8333 48.7143 48.2222 50.5 49.7222 51.2857 51.7778 51.6429 52.8889 49.2857 54.8889 50.8571 57.7222 51.8571 58.6667 50 62.6111 52 67.4444 54 71.6111 55.5714 
3 25 
2 
43.8333 48.7143 48.2222 50.5 
3 26 
11 
43.8333 48.7143 48.2222 50.5 49.7222 51.2857 51.7778 51.6429 52.8889 49.2857 54.8889 50.8571 57.7222 51.8571 58.6667 50 61.2778 45.8571 65.5556 48.1429 66.7222 46.3571 
3 27 
9 
43.8333 48.7143 48.2222 50.5 49.7222 51.2857 51.7778 51.6429 52.8889 49.2857 54.8889 50.8571 57.7222 51.8571 61.8333 53.8571 61.0556 55.7143 
3 32 
11 
43.8333 48.7143 48.2222 50.5 49.7222 51.2857 51.7778 51.6429 52.8889 49.2857 54.8889 50.8571 57.7222 51.8571 61.8333 53.8571 61.0556 55.7143 65.2778 57.6429 66.6111 58.6429 
4 1 
7 
56.6111 53.9286 57.7222 51.8571 54.8889 50.8571 52.8889 49.2857 51.7778 51.6429 49.7222 51.2857 48.4444 54.1429 
4 2 
6 
56.6111 53.9286 57.7222 51.8571 54.8889 50.8571 52.8889 49.2857 51.7778 51.6429 49.7222 51.2857 
4 3 
8 
56.6111 53.9286 57.7222 51.8571 54.8889 50.8571 52.8889 49.2857 51.7778 51.6429 49.7222 51.2857 48.2222 50.5 43.8333 48.7143 
4 4 
1 
56.6111 53.9286 
4 5 
3 
56.6111 53.9286 57.7222 51.8571 58.6667 50 
4 6 
4 
56.6111 53.9286 57.7222 51.8571 58.6667 50 62.6111 52 
4 7 
5 
56.6111 53.9286 61.0556 55.7143 65.2778 57.6429 66.6667 55.7857 67.4444 54 
4 8 
7 
56.6111 53.9286 61.0556 55.7143 65.2778 57.6429 66.6667 55.7857 67.4444 54 69.0556 51.7143 70 49.6429 
4 9 
4 
56.6111 53.9286 57.7222 51.8571 58.6667 50 61.2778 45.8571 
4 10 
3 
56.6111 53.9286 61.0556 55.7143 65.2778 57.6429 
4 11 
3 
56.6111 53.9286 57.7222 51.8571 61.8333 53.8571 
4 12 
2 
56.6111 53.9286 57.7222 51.8571 
4 13 
4 
56.6111 53.9286 61.0556 55.7143 65.2778 57.6429 66.6667 55.7857 
4 14 
6 
56.6111 53.9286 61.0556 55.7143 65.2778 57.6429 66.6667 55.7857 67.4444 54 69.0556 51.7143 
4 15 
7 
56.6111 53.9286 61.0556 55.7143 65.2778 57.6429 66.6667 55.7857 67.4444 54 69.0556 51.7143 72.9444 53.1429 
4 16 
5 
56.6111 53.9286 57.7222 51.8571 58.6667 50 61.2778 45.8571 65.5556 48.1429 
4 17 
4 
56.6111 53.9286 57.7222 51.8571 54.8889 50.8571 52.8889 49.2857 
4 18 
3 
56.6111 53.9286 57.7222 51.8571 54.8889 50.8571 
4 19 
5 
56.6111 53.9286 57.7222 51.8571 54.8889 50.8571 52.8889 49.2857 53.7222 48 
4 20 
5 
56.6111 53.9286 57.7222 51.8571 54.8889 50.8571 52.8889 49.2857 51.7778 51.6429 
4 21 
2 
56.6111 53.9286 55 56.4286 
4 22 
4 
56.6111 53.9286 61.0556 55.7143 65.2778 57.6429 64.1667 60 
4 23 
4 
56.6111 53.9286 61.0556 55.7143 65.2778 57.6429 69.6111 59.4286 
4 24 
6 
56.6111 53.9286 61.0556 55.7143 65.2778 57.6429 66.6667 55.7857 67.4444 54 71.6111 55.5714 
4 25 
7 
56.6111 53.9286 57.7222 51.8571 54.8889 50.8571 52.8889 49.2857 51.7778 51.6429 49.7222 51.2857 48.2222 50.5 
4 26 
6 
56.6111 53.9286 57.7222 51.8571 58.6667 50 61.2778 45.8571 65.5556 48.1429 66.7222 46.3571 
4 27 
2 
56.6111 53.9286 61.0556 55.7143 
4 32 
4 
56.6111 53.9286 61.0556 55.7143 65.2778 57.6429 66.6111 58.6429 
5 1 
7 
58.6667 50 57.7222 51.8571 54.8889 50.8571 52.8889 49.2857 51.7778 51.6429 49.7222 51.2857 48.4444 54.1429 
5 2 
6 
58.6667 50 57.7222 51.8571 54.8889 50.8571 52.8889 49.2857 51.7778 51.6429 49.7222 51.2857 
5 3 
8 
58.6667 50 57.7222 51.8571 54.8889 50.8571 52.8889 49.2857 51.7778 51.6429 49.7222 51.2857 48.2222 50.5 43.8333 48.7143 
5 4 
3 
58.6667 50 57.7222 51.8571 56.6111 53.9286 
5 5 
1 
58.6667 50 
5 6 
2 
58.6667 50 62.6111 52 
5 7 
3 
58.6667 50 62.6111 52 67.4444 54 
5 8 
5 
58.6667 50 62.6111 52 67.4444 54 69.0556 51.7143 70 49.6429 
5 9 
2 
58.6667 50 61.2778 45.8571 
5 10 
5 
58.6667 50 62.6111 52 61.8333 53.8571 61.0556 55.7143 65.2778 57.6429 
5 11 
3 
58.6667 50 62.6111 52 61.8333 53.8571 
5 12 
2 
58.6667 50 57.7222 51.8571 
5 13 
4 
58.6667 50 62.6111 52 61.8333 53.8571 66.6667 55.7857 
5 14 
4 
58.6667 50 62.6111 52 67.4444 54 69.0556 51.7143 
5 15 
5 
58.6667 50 62.6111 52 67.4444 54 69.0556 51.7143 72.9444 53.1429 
5 16 
3 
58.6667 50 61.2778 45.8571 65.5556 48.1429 
5 17 
4 
58.6667 50 57.7222 51.8571 54.8889 50.8571 52.8889 49.2857 
5 18 
3 
58.6667 50 57.7222 51.8571 54.8889 50.8571 
5 19 
5 
58.6667 50 57.7222 51.8571 54.8889 50.8571 52.8889 49.2857 53.7222 48 
5 20 
5 
58.6667 50 57.7222 51.8571 54.8889 50.8571 52.8889 49.2857 51.7778 51.6429 
5 21 
4 
58.6667 50 57.7222 51.8571 56.6111 53.9286 55 56.4286 
5 22 
6 
58.6667 50 62.6111 52 61.8333 53.8571 61.0556 55.7143 65.2778 57.6429 64.1667 60 
5 23 
6 
58.6667 50 62.6111 52 61.8333 53.8571 61.0556 55.7143 65.2778 57.6429 69.6111 59.4286 
5 24 
4 
58.6667 50 62.6111 52 67.4444 54 71.6111 55.5714 
5 25 
7 
58.6667 50 57.7222 51.8571 54.8889 50.8571 52.8889 49.2857 51.7778 51.6429 49.7222 51.2857 48.2222 50.5 
5 26 
4 
58.6667 50 61.2778 45.8571 65.5556 48.1429 66.7222 46.3571 
5 27 
4 
58.6667 50 62.6111 52 61.8333 53.8571 61.0556 55.7143 
5 32 
6 
58.6667 50 62.6111 52 61.8333 53.8571 61.0556 55.7143 65.2778 57.6429 66.6111 58.6429 
6 1 
8 
62.6111 52 58.6667 50 57.7222 51.8571 54.8889 50.8571 52.8889 49.2857 51.7778 51.6429 49.7222 51.2857 48.4444 54.1429 
6 2 
7 
62.6111 52 58.6667 50 57.7222 51.8571 54.8889 50.8571 52.8889 49.2857 51.7778 51.6429 49.7222 51.2857 
6 3 
9 
62.6111 52 58.6667 50 57.7222 51.8571 54.8889 50.8571 52.8889 49.2857 51.7778 51.6429 49.7222 51.2857 48.2222 50.5 43.8333 48.7143 
6 4 
4 
62.6111 52 58.6667 50 57.7222 51.8571 56.6111 53.9286 
6 5 
2 
62.6111 52 58.6667 50 
6 6 
1 
62.6111 52 
6 7 
2 
62.6111 52 67.4444 54 
6 8 
4 
62.6111 52 67.4444 54 69.0556 51.7143 70 49.6429 
6 9 
3 
62.6111 52 58.6667 50 61.2778 45.8571 
6 10 
4 
62.6111 52 61.8333 53.8571 61.0556 55.7143 65.2778 57.6429 
6 11 
2 
62.6111 52 61.8333 53.8571 
6 12 
3 
62.6111 52 58.6667 50 57.7222 51.8571 
6 13 
3 
62.6111 52 61.8333 53.8571 66.6667 55.7857 
6 14 
3 
62.6111 52 67.4444 54 69.0556 51.7143 
6 15 
4 
62.6111 52 67.4444 54 69.0556 51.7143 72.9444 53.1429 
6 16 
5 
62.6111 52 67.4444 54 69.0556 51.7143 70 49.6429 65.5556 48.1429 
6 17 
5 
62.6111 52 58.6667 50 57.7222 51.8571 54.8889 50.8571 52.8889 49.2857 
6 18 
4 
62.6111 52 58.6667 50 57.7222 51.8571 54.8889 50.8571 
6 19 
6 
62.6111 52 58.6667 50 57.7222 51.8571 54.8889 50.8571 52.8889 49.2857 53.7222 48 
6 20 
6 
62.6111 52 58.6667 50 57.7222 51.8571 54.8889 50.8571 52.8889 49.2857 51.7778 51.6429 
6 21 
5 
62.6111 52 58.6667 50 57.7222 51.8571 56.6111 53.9286 55 56.4286 
6 22 
5 
62.6111 52 61.8333 53.8571 61.0556 55.7143 65.2778 57.6429 64.1667 60 
6 23 
5 
62.6111 52 61.8333 53.8571 61.0556 55.7143 65.2778 57.6429 69.6111 59.4286 
6 24 
3 
62.6111 52 67.4444 54 71.6111 55.5714 
6 25 
8 
62.6111 52 58.6667 50 57.7222 51.8571 54.8889 50.8571 52.8889 49.2857 51.7778 51.6429 49.7222 51.2857 48.2222 50.5 
6 26 
6 
62.6111 52 67.4444 54 69.0556 51.7143 70 49.6429 65.5556 48.1429 66.7222 46.3571 
6 27 
3 
62.6111 52 61.8333 53.8571 61.0556 55.7143 
6 32 
5 
62.6111 52 61.8333 53.8571 61.0556 55.7143 65.2778 57.6429 66.6111 58.6429 
7 1 
9 
67.4444 54 62.6111 52 58.6667 50 57.7222 51.8571 54.8889 50.8571 52.8889 49.2857 51.7778 51.6429 49.7222 51.2857 48.4444 54.1429 
7 2 
8 
67.4444 54 62.6111 52 58.6667 50 57.7222 51.8571 54.8889 50.8571 52.8889 49.2857 51.7778 51.6429 49.7222 51.2857 
7 3 
10 
67.4444 54 62.6111 52 58.6667 50 57.7222 51.8571 54.8889 50.8571 52.8889 49.2857 51.7778 51.6429 49.7222 51.2857 48.2222 50.5 43.8333 48.7143 
7 4 
5 
67.4444 54 66.6667 55.7857 65.2778 57.6429 61.0556 55.7143 56.6111 53.9286 
7 5 
3 
67.4444 54 62.6111 52 58.6667 50 
7 6 
2 
67.4444 54 62.6111 52 
7 7 
1 
67.4444 54 
7 8 
3 
67.4444 54 69.0556 51.7143 70 49.6429 
7 9 
5 
67.4444 54 69.0556 51.7143 70 49.6429 65.5556 48.1429 61.2778 45.8571 
7 10 
3 
67.4444 54 66.6667 55.7857 65.2778 57.6429 
7 11 
3 
67.4444 54 66.6667 55.7857 61.8333 53.8571 
7 12 
4 
67.4444 54 62.6111 52 58.6667 50 57.7222 51.8571 
7 13 
2 
67.4444 54 66.6667 55.7857 
7 14 
2 
67.4444 54 69.0556 51.7143 
7 15 
3 
67.4444 54 69.0556 51.7143 72.9444 53.1429 
7 16 
4 
67.4444 54 69.0556 51.7143 70 49.6429 65.5556 48.1429 
7 17 
6 
67.4444 54 62.6111 52 58.6667 50 57.7222 51.8571 54.8889 50.8571 52.8889 49.2857 
7 18 
5 
67.4444 54 62.6111 52 58.6667 50 57.7222 51.8571 54.8889 50.8571 
7 19 
7 
67.4444 54 62.6111 52 58.6667 50 57.7222 51.8571 54.8889 50.8571 52.8889 49.2857 53.7222 48 
7 20 
7 
67.4444 54 62.6111 52 58.6667 50 57.7222 51.8571 54.8889 50.8571 52.8889 49.2857 51.7778 51.6429 
7 21 
6 
67.4444 54 66.6667 55.7857 65.2778 57.6429 61.0556 55.7143 56.6111 53.9286 55 56.4286 
7 22 
4 
67.4444 54 66.6667 55.7857 65.2778 57.6429 64.1667 60 
7 23 
4 
67.4444 54 66.6667 55.7857 65.2778 57.6429 69.6111 59.4286 
7 24 
2 
67.4444 54 71.6111 55.5714 
7 25 
9 
67.4444 54 62.6111 52 58.6667 50 57.7222 51.8571 54.8889 50.8571 52.8889 49.2857 51.7778 51.6429 49.7222 51.2857 48.2222 50.5 
7 26 
5 
67.4444 54 69.0556 51.7143 70 49.6429 65.5556 48.1429 66.7222 46.3571 
7 27 
4 
67.4444 54 66.6667 55.7857 65.2778 57.6429 61.0556 55.7143 
7 32 
4 
67.4444 54 66.6667 55.7857 65.2778 57.6429 66.6111 58.6429 
8 1 
11 
70 49.6429 69.0556 51.7143 67.4444 54 62.6111 52 58.6667 50 57.7222 51.8571 54.8889 50.8571 52.8889 49.2857 51.7778 51.6429 49.7222 51.2857 48.4444 54.1429 
8 2 
10 
70 49.6429 69.0556 51.7143 67.4444 54 62.6111 52 58.6667 50 57.7222 51.8571 54.8889 50.8571 52.8889 49.2857 51.7778 51.6429 49.7222 51.2857 
8 3 
12 
70 49.6429 69.0556 51.7143 67.4444 54 62.6111 52 58.6667 50 57.7222 51.8571 54.8889 50.8571 52.8889 49.2857 51.7778 51.6429 49.7222 51.2857 48.2222 50.5 43.8333 48.7143 
8 4 
7 
70 49.6429 69.0556 51.7143 67.4444 54 66.6667 55.7857 65.2778 57.6429 61.0556 55.7143 56.6111 53.9286 
8 5 
5 
70 49.6429 69.0556 51.7143 67.4444 54 62.6111 52 58.6667 50 
8 6 
4 
70 49.6429 69.0556 51.7143 67.4444 54 62.6111 52 
8 7 
3 
70 49.6429 69.0556 51.7143 67.4444 54 
8 8 
1 
70 49.6429 
8 9 
3 
70 49.6429 65.5556 48.1429 61.2778 45.8571 
8 10 
5 
70 49.6429 69.0556 51.7143 67.4444 54 66.6667 55.7857 65.2778 57.6429 
8 11 
5 
70 49.6429 69.0556 51.7143 67.4444 54 66.6667 55.7857 61.8333 53.8571 
8 12 
6 
70 49.6429 69.0556 51.7143 67.4444 54 62.6111 52 58.6667 50 57.7222 51.8571 
8 13 
4 
70 49.6429 69.0556 51.7143 67.4444 54 66.6667 55.7857 
8 14 
2 
70 49.6429 69.0556 51.7143 
8 15 
3 
70 49.6429 69.0556 51.7143 72.9444 53.1429 
8 16 
2 
70 49.6429 65.5556 48.1429 
8 17 
8 
70 49.6429 69.0556 51.7143 67.4444 54 62.6111 52 58.6667 50 57.7222 51.8571 54.8889 50.8571 52.8889 49.2857 
8 18 
7 
70 49.6429 69.0556 51.7143 67.4444 54 62.6111 52 58.6667 50 57.7222 51.8571 54.8889 50.8571 
8 19 
9 
70 49.6429 69.0556 51.7143 67.4444 54 62.6111 52 58.6667 50 57.7222 51.8571 54.8889 50.8571 52.8889 49.2857 53.7222 48 
8 20 
9 
70 49.6429 69.0556 51.7143 67.4444 54 62.6111 52 58.6667 50 57.7222 51.8571 54.8889 50.8571 52.8889 49.2857 51.7778 51.6429 
8 21 
8 
70 49.6429 69.0556 51.7143 67.4444 54 66.6667 55.7857 65.2778 57.6429 61.0556 55.7143 56.6111 53.9286 55 56.4286 
8 22 
6 
70 49.6429 69.0556 51.7143 67.4444 54 66.6667 55.7857 65.2778 57.6429 64.1667 60 
8 23 
6 
70 49.6429 69.0556 51.7143 67.4444 54 66.6667 55.7857 65.2778 57.6429 69.6111 59.4286 
8 24 
4 
70 49.6429 69.0556 51.7143 72.9444 53.1429 71.6111 55.5714 
8 25 
11 
70 49.6429 69.0556 51.7143 67.4444 54 62.6111 52 58.6667 50 57.7222 51.8571 54.8889 50.8571 52.8889 49.2857 51.7778 51.6429 49.7222 51.2857 48.2222 50.5 
8 26 
3 
70 49.6429 65.5556 48.1429 66.7222 46.3571 
8 27 
6 
70 49.6429 69.0556 51.7143 67.4444 54 66.6667 55.7857 65.2778 57.6429 61.0556 55.7143 
8 32 
6 
70 49.6429 69.0556 51.7143 67.4444 54 66.6667 55.7857 65.2778 57.6429 66.6111 58.6429 
9 1 
8 
61.2778 45.8571 58.6667 50 57.7222 51.8571 54.8889 50.8571 52.8889 49.2857 51.7778 51.6429 49.7222 51.2857 48.4444 54.1429 
9 2 
7 
61.2778 45.8571 58.6667 50 57.7222 51.8571 54.8889 50.8571 52.8889 49.2857 51.7778 51.6429 49.7222 51.2857 
9 3 
9 
61.2778 45.8571 58.6667 50 57.7222 51.8571 54.8889 50.8571 52.8889 49.2857 51.7778 51.6429 49.7222 51.2857 48.2222 50.5 43.8333 48.7143 
9 4 
4 
61.2778 45.8571 58.6667 50 57.7222 51.8571 56.6111 53.9286 
9 5 
2 
61.2778 45.8571 58.6667 50 
9 6 
3 
61.2778 45.8571 58.6667 50 62.6111 52 
9 7 
5 
61.2778 45.8571 65.5556 48.1429 70 49.6429 69.0556 51.7143 67.4444 54 
9 8 
3 
61.2778 45.8571 65.5556 48.1429 70 49.6429 
9 9 
1 
61.2778 45.8571 
9 10 
7 
61.2778 45.8571 65.5556 48.1429 70 49.6429 69.0556 51.7143 67.4444 54 66.6667 55.7857 65.2778 57.6429 
9 11 
4 
61.2778 45.8571 58.6667 50 62.6111 52 61.8333 53.8571 
9 12 
3 
61.2778 45.8571 58.6667 50 57.7222 51.8571 
9 13 
6 
61.2778 45.8571 65.5556 48.1429 70 49.6429 69.0556 51.7143 67.4444 54 66.6667 55.7857 
9 14 
4 
61.2778 45.8571 65.5556 48.1429 70 49.6429 69.0556 51.7143 
9 15 
5 
61.2778 45.8571 65.5556 48.1429 70 49.6429 69.0556 51.7143 72.9444 53.1429 
9 16 
2 
61.2778 45.8571 65.5556 48.1429 
9 17 
5 
61.2778 45.8571 58.6667 50 57.7222 51.8571 54.8889 50.8571 52.8889 49.2857 
9 18 
4 
61.2778 45.8571 58.6667 50 57.7222 51.8571 54.8889 50.8571 
9 19 
6 
61.2778 45.8571 58.6667 50 57.7222 51.8571 54.8889 50.8571 52.8889 49.2857 53.7222 48 
9 20 
6 
61.2778 45.8571 58.6667 50 57.7222 51.8571 54.8889 50.8571 52.8889 49.2857 51.7778 51.6429 
9 21 
5 
61.2778 45.8571 58.6667 50 57.7222 51.8571 56.6111 53.9286 55 56.4286 
9 22 
8 
61.2778 45.8571 65.5556 48.1429 70 49.6429 69.0556 51.7143 67.4444 54 66.6667 55.7857 65.2778 57.6429 64.1667 60 
9 23 
8 
61.2778 45.8571 65.5556 48.1429 70 49.6429 69.0556 51.7143 67.4444 54 66.6667 55.7857 65.2778 57.6429 69.6111 59.4286 
9 24 
6 
61.2778 45.8571 65.5556 48.1429 70 49.6429 69.0556 51.7143 72.9444 53.1429 71.6111 55.5714 
9 25 
8 
61.2778 45.8571 58.6667 50 57.7222 51.8571 54.8889 50.8571 52.8889 49.2857 51.7778 51.6429 49.7222 51.2857 48.2222 50.5 
9 26 
3 
61.2778 45.8571 65.5556 48.1429 66.7222 46.3571 
9 27 
5 
61.2778 45.8571 58.6667 50 62.6111 52 61.8333 53.8571 61.0556 55.7143 
9 32 
8 
61.2778 45.8571 65.5556 48.1429 70 49.6429 69.0556 51.7143 67.4444 54 66.6667 55.7857 65.2778 57.6429 66.6111 58.6429 
10 1 
9 
65.2778 57.6429 61.0556 55.7143 61.8333 53.8571 57.7222 51.8571 54.8889 50.8571 52.8889 49.2857 51.7778 51.6429 49.7222 51.2857 48.4444 54.1429 
10 2 
8 
65.2778 57.6429 61.0556 55.7143 61.8333 53.8571 57.7222 51.8571 54.8889 50.8571 52.8889 49.2857 51.7778 51.6429 49.7222 51.2857 
10 3 
10 
65.2778 57.6429 61.0556 55.7143 61.8333 53.8571 57.7222 51.8571 54.8889 50.8571 52.8889 49.2857 51.7778 51.6429 49.7222 51.2857 48.2222 50.5 43.8333 48.7143 
10 4 
3 
65.2778 57.6429 61.0556 55.7143 56.6111 53.9286 
10 5 
5 
65.2778 57.6429 61.0556 55.7143 61.8333 53.8571 62.6111 52 58.6667 50 
10 6 
4 
65.2778 57.6429 61.0556 55.7143 61.8333 53.8571 62.6111 52 
10 7 
3 
65.2778 57.6429 66.6667 55.7857 67.4444 54 
10 8 
5 
65.2778 57.6429 66.6667 55.7857 67.4444 54 69.0556 51.7143 70 49.6429 
10 9 
7 
65.2778 57.6429 66.6667 55.7857 67.4444 54 69.0556 51.7143 70 49.6429 65.5556 48.1429 61.2778 45.8571 
10 10 
1 
65.2778 57.6429 
10 11 
3 
65.2778 57.6429 61.0556 55.7143 61.8333 53.8571 
10 12 
4 
65.2778 57.6429 61.0556 55.7143 61.8333 53.8571 57.7222 51.8571 
10 13 
2 
65.2778 57.6429 66.6667 55.7857 
10 14 
4 
65.2778 57.6429 66.6667 55.7857 67.4444 54 69.0556 51.7143 
10 15 
5 
65.2778 57.6429 66.6667 55.7857 67.4444 54 69.0556 51.7143 72.9444 53.1429 
10 16 
6 
65.2778 57.6429 66.6667 55.7857 67.4444 54 69.0556 51.7143 70 49.6429 65.5556 48.1429 
10 17 
6 
65.2778 57.6429 61.0556 55.7143 61.8333 53.8571 57.7222 51.8571 54.8889 50.8571 52.8889 49.2857 
10 18 
5 
65.2778 57.6429 61.0556 55.7143 61.8333 53.8571 57.7222 51.8571 54.8889 50.8571 
10 19 
7 
65.2778 57.6429 61.0556 55.7143 61.8333 53.8571 57.7222 51.8571 54.8889 50.8571 52.8889 49.2857 53.7222 48 
10 20 
7 
65.2778 57.6429 61.0556 55.7143 61.8333 53.8571 57.7222 51.8571 54.8889 50.8571 52.8889 49.2857 51.7778 51.6429 
10 21 
4 
65.2778 57.6429 61.0556 55.7143 56.6111 53.9286 55 56.4286 
10 22 
2 
65.2778 57.6429 64.1667 60 
10 23 
2 
65.2778 57.6429 69.6111 59.4286 
10 24 
4 
65.2778 57.6429 66.6667 55.7857 67.4444 54 71.6111 55.5714 
10 25 
9 
65.2778 57.6429 61.0556 55.7143 61.8333 53.8571 57.7222 51.8571 54.8889 50.8571 52.8889 49.2857 51.7778 51.6429 49.7222 51.2857 48.2222 50.5 
10 26 
7 
65.2778 57.6429 66.6667 55.7857 67.4444 54 69.0556 51.7143 70 49.6429 65.5556 48.1429 66.7222 46.3571 
10 27 
2 
65.2778 57.6429 61.0556 55.7143 
10 32 
2 
65.2778 57.6429 66.6111 58.6429 
11 1 
7 
61.8333 53.8571 57.7222 51.8571 54.8889 50.8571 52.8889 49.2857 51.7778 51.6429 49.7222 51.2857 48.4444 54.1429 
11 2 
6 
61.8333 53.8571 57.7222 51.8571 54.8889 50.8571 52.8889 49.2857 51.7778 51.6429 49.7222 51.2857 
11 3 
8 
61.8333 53.8571 57.7222 51.8571 54.8889 50.8571 52.8889 49.2857 51.7778 51.6429 49.7222 51.2857 48.2222 50.5 43.8333 48.7143 
11 4 
3 
61.8333 53.8571 57.7222 51.8571 56.6111 53.9286 
11 5 
3 
61.8333 53.8571 62.6111 52 58.6667 50 
11 6 
2 
61.8333 53.8571 62.6111 52 
11 7 
3 
61.8333 53.8571 66.6667 55.7857 67.4444 54 
11 8 
5 
61.8333 53.8571 66.6667 55.7857 67.4444 54 69.0556 51.7143 70 49.6429 
11 9 
4 
61.8333 53.8571 62.6111 52 58.6667 50 61.2778 45.8571 
11 10 
3 
61.8333 53.8571 61.0556 55.7143 65.2778 57.6429 
11 11 
1 
61.8333 53.8571 
11 12 
2 
61.8333 53.8571 57.7222 51.8571 
11 13 
2 
61.8333 53.8571 66.6667 55.7857 
11 14 
4 
61.8333 53.8571 66.6667 55.7857 67.4444 54 69.0556 51.7143 
11 15 
5 
61.8333 53.8571 66.6667 55.7857 67.4444 54 69.0556 51.7143 72.9444 53.1429 
11 16 
6 
61.8333 53.8571 66.6667 55.7857 67.4444 54 69.0556 51.7143 70 49.6429 65.5556 48.1429 
11 17 
4 
61.8333 53.8571 57.7222 51.8571 54.8889 50.8571 52.8889 49.2857 
11 18 
3 
61.8333 53.8571 57.7222 51.8571 54.8889 50.8571 
11 19 
5 
61.8333 53.8571 57.7222 51.8571 54.8889 50.8571 52.8889 49.2857 53.7222 48 
11 20 
5 
61.8333 53.8571 57.7222 51.8571 54.8889 50.8571 52.8889 49.2857 51.7778 51.6429 
11 21 
4 
61.8333 53.8571 57.7222 51.8571 56.6111 53.9286 55 56.4286 
11 22 
4 
61.8333 53.8571 61.0556 55.7143 65.2778 57.6429 64.1667 60 
11 23 
4 
61.8333 53.8571 61.0556 55.7143 65.2778 57.6429 69.6111 59.4286 
11 24 
4 
61.8333 53.8571 66.6667 55.7857 67.4444 54 71.6111 55.5714 
11 25 
7 
61.8333 53.8571 57.7222 51.8571 54.8889 50.8571 52.8889 49.2857 51.7778 51.6429 49.7222 51.2857 48.2222 50.5 
11 26 
7 
61.8333 53.8571 66.6667 55.7857 67.4444 54 69.0556 51.7143 70 49.6429 65.5556 48.1429 66.7222 46.3571 
11 27 
2 
61.8333 53.8571 61.0556 55.7143 
11 32 
4 
61.8333 53.8571 61.0556 55.7143 65.2778 57.6429 66.6111 58.6429 
12 1 
6 
57.7222 51.8571 54.8889 50.8571 52.8889 49.2857 51.7778 51.6429 49.7222 51.2857 48.4444 54.1429 
12 2 
5 
57.7222 51.8571 54.8889 50.8571 52.8889 49.2857 51.7778 51.6429 49.7222 51.2857 
12 3 
7 
57.7222 51.8571 54.8889 50.8571 52.8889 49.2857 51.7778 51.6429 49.7222 51.2857 48.2222 50.5 43.8333 48.7143 
12 4 
2 
57.7222 51.8571 56.6111 53.9286 
12 5 
2 
57.7222 51.8571 58.6667 50 
12 6 
3 
57.7222 51.8571 58.6667 50 62.6111 52 
12 7 
4 
57.7222 51.8571 58.6667 50 62.6111 52 67.4444 54 
12 8 
6 
57.7222 51.8571 58.6667 50 62.6111 52 67.4444 54 69.0556 51.7143 70 49.6429 
12 9 
3 
57.7222 51.8571 58.6667 50 61.2778 45.8571 
12 10 
4 
57.7222 51.8571 61.8333 53.8571 61.0556 55.7143 65.2778 57.6429 
12 11 
2 
57.7222 51.8571 61.8333 53.8571 
12 12 
1 
57.7222 51.8571 
12 13 
3 
57.7222 51.8571 61.8333 53.8571 66.6667 55.7857 
12 14 
5 
57.7222 51.8571 58.6667 50 62.6111 52 67.4444 54 69.0556 51.7143 
12 15 
6 
57.7222 51.8571 58.6667 50 62.6111 52 67.4444 54 69.0556 51.7143 72.9444 53.1429 
12 16 
4 
57.7222 51.8571 58.6667 50 61.2778 45.8571 65.5556 48.1429 
12 17 
3 
57.7222 51.8571 54.8889 50.8571 52.8889 49.2857 
12 18 
2 
57.7222 51.8571 54.8889 50.8571 
12 19 
4 
57.7222 51.8571 54.8889 50.8571 52.8889 49.2857 53.7222 48 
12 20 
4 
57.7222 51.8571 54.8889 50.8571 52.8889 49.2857 51.7778 51.6429 
12 21 
3 
57.7222 51.8571 56.6111 53.9286 55 56.4286 
12 22 
5 
57.7222 51.8571 61.8333 53.8571 61.0556 55.7143 65.2778 57.6429 64.1667 60 
12 23 
5 
57.7222 51.8571 61.8333 53.8571 61.0556 55.7143 65.2778 57.6429 69.6111 59.4286 
12 24 
5 
57.7222 51.8571 58.6667 50 62.6111 52 67.4444 54 71.6111 55.5714 
12 25 
6 
57.7222 51.8571 54.8889 50.8571 52.8889 49.2857 51.7778 51.6429 49.7222 51.2857 48.2222 50.5 
12 26 
5 
57.7222 51.8571 58.6667 50 61.2778 45.8571 65.5556 48.1429 66.7222 46.3571 
12 27 
3 
57.7222 51.8571 61.8333 53.8571 61.0556 55.7143 
12 32 
5 
57.7222 51.8571 61.8333 53.8571 61.0556 55.7143 65.2778 57.6429 66.6111 58.6429 
13 1 
8 
66.6667 55.7857 61.8333 53.8571 57.7222 51.8571 54.8889 50.8571 52.8889 49.2857 51.7778 51.6429 49.7222 51.2857 48.4444 54.1429 
13 2 
7 
66.6667 55.7857 61.8333 53.8571 57.7222 51.8571 54.8889 50.8571 52.8889 49.2857 51.7778 51.6429 49.7222 51.2857 
13 3 
9 
66.6667 55.7857 61.8333 53.8571 57.7222 51.8571 54.8889 50.8571 52.8889 49.2857 51.7778 51.6429 49.7222 51.2857 48.2222 50.5 43.8333 48.7143 
13 4 
4 
66.6667 55.7857 65.2778 57.6429 61.0556 55.7143 56.6111 53.9286 
13 5 
4 
66.6667 55.7857 61.8333 53.8571 62.6111 52 58.6667 50 
13 6 
3 
66.6667 55.7857 61.8333 53.8571 62.6111 52 
13 7 
2 
66.6667 55.7857 67.4444 54 
13 8 
4 
66.6667 55.7857 67.4444 54 69.0556 51.7143 70 49.6429 
13 9 
6 
66.6667 55.7857 67.4444 54 69.0556 51.7143 70 49.6429 65.5556 48.1429 61.2778 45.8571 
13 10 
2 
66.6667 55.7857 65.2778 57.6429 
13 11 
2 
66.6667 55.7857 61.8333 53.8571 
13 12 
3 
66.6667 55.7857 61.8333 53.8571 57.7222 51.8571 
13 13 
1 
66.6667 55.7857 
13 14 
3 
66.6667 55.7857 67.4444 54 69.0556 51.7143 
13 15 
4 
66.6667 55.7857 67.4444 54 69.0556 51.7143 72.9444 53.1429 
13 16 
5 
66.6667 55.7857 67.4444 54 69.0556 51.7143 70 49.6429 65.5556 48.1429 
13 17 
5 
66.6667 55.7857 61.8333 53.8571 57.7222 51.8571 54.8889 50.8571 52.8889 49.2857 
13 18 
4 
66.6667 55.7857 61.8333 53.8571 57.7222 51.8571 54.8889 50.8571 
13 19 
6 
66.6667 55.7857 61.8333 53.8571 57.7222 51.8571 54.8889 50.8571 52.8889 49.2857 53.7222 48 
13 20 
6 
66.6667 55.7857 61.8333 53.8571 57.7222 51.8571 54.8889 50.8571 52.8889 49.2857 51.7778 51.6429 
13 21 
5 
66.6667 55.7857 65.2778 57.6429 61.0556 55.7143 56.6111 53.9286 55 56.4286 
13 22 
3 
66.6667 55.7857 65.2778 57.6429 64.1667 60 
13 23 
3 
66.6667 55.7857 65.2778 57.6429 69.6111 59.4286 
13 24 
3 
66.6667 55.7857 67.4444 54 71.6111 55.5714 
13 25 
8 
66.6667 55.7857 61.8333 53.8571 57.7222 51.8571 54.8889 50.8571 52.8889 49.2857 51.7778 51.6429 49.7222 51.2857 48.2222 50.5 
13 26 
6 
66.6667 55.7857 67.4444 54 69.0556 51.7143 70 49.6429 65.5556 48.1429 66.7222 46.3571 
13 27 
3 
66.6667 55.7857 65.2778 57.6429 61.0556 55.7143 
13 32 
3 
66.6667 55.7857 65.2778 57.6429 66.6111 58.6429 
14 1 
10 
69.0556 51.7143 67.4444 54 62.6111 52 58.6667 50 57.7222 51.8571 54.8889 50.8571 52.8889 49.2857 51.7778 51.6429 49.7222 51.2857 48.4444 54.1429 
14 2 
9 
69.0556 51.7143 67.4444 54 62.6111 52 58.6667 50 57.7222 51.8571 54.8889 50.8571 52.8889 49.2857 51.7778 51.6429 49.7222 51.2857 
14 3 
11 
69.0556 51.7143 67.4444 54 62.6111 52 58.6667 50 57.7222 51.8571 54.8889 50.8571 52.8889 49.2857 51.7778 51.6429 49.7222 51.2857 48.2222 50.5 43.8333 48.7143 
14 4 
6 
69.0556 51.7143 67.4444 54 66.6667 55.7857 65.2778 57.6429 61.0556 55.7143 56.6111 53.9286 
14 5 
4 
69.0556 51.7143 67.4444 54 62.6111 52 58.6667 50 
14 6 
3 
69.0556 51.7143 67.4444 54 62.6111 52 
14 7 
2 
69.0556 51.7143 67.4444 54 
14 8 
2 
69.0556 51.7143 70 49.6429 
14 9 
4 
69.0556 51.7143 70 49.6429 65.5556 48.1429 61.2778 45.8571 
14 10 
4 
69.0556 51.7143 67.4444 54 66.6667 55.7857 65.2778 57.6429 
14 11 
4 
69.0556 51.7143 67.4444 54 66.6667 55.7857 61.8333 53.8571 
14 12 
5 
69.0556 51.7143 67.4444 54 62.6111 52 58.6667 50 57.7222 51.8571 
14 13 
3 
69.0556 51.7143 67.4444 54 66.6667 55.7857 
14 14 
1 
69.0556 51.7143 
14 15 
2 
69.0556 51.7143 72.9444 53.1429 
14 16 
3 
69.0556 51.7143 70 49.6429 65.5556 48.1429 
14 17 
7 
69.0556 51.7143 67.4444 54 62.6111 52 58.6667 50 57.7222 51.8571 54.8889 50.8571 52.8889 49.2857 
14 18 
6 
69.0556 51.7143 67.4444 54 62.6111 52 58.6667 50 57.7222 51.8571 54.8889 50.8571 
14 19 
8 
69.0556 51.7143 67.4444 54 62.6111 52 58.6667 50 57.7222 51.8571 54.8889 50.8571 52.8889 49.2857 53.7222 48 
14 20 
8 
69.0556 51.7143 67.4444 54 62.6111 52 58.6667 50 57.7222 51.8571 54.8889 50.8571 52.8889 49.2857 51.7778 51.6429 
14 21 
7 
69.0556 51.7143 67.4444 54 66.6667 55.7857 65.2778 57.6429 61.0556 55.7143 56.6111 53.9286 55 56.4286 
14 22 
5 
69.0556 51.7143 67.4444 54 66.6667 55.7857 65.2778 57.6429 64.1667 60 
14 23 
5 
69.0556 51.7143 67.4444 54 66.6667 55.7857 65.2778 57.6429 69.6111 59.4286 
14 24 
3 
69.0556 51.7143 72.9444 53.1429 71.6111 55.5714 
14 25 
10 
69.0556 51.7143 67.4444 54 62.6111 52 58.6667 50 57.7222 51.8571 54.8889 50.8571 52.8889 49.2857 51.7778 51.6429 49.7222 51.2857 48.2222 50.5 
14 26 
4 
69.0556 51.7143 70 49.6429 65.5556 48.1429 66.7222 46.3571 
14 27 
5 
69.0556 51.7143 67.4444 54 66.6667 55.7857 65.2778 57.6429 61.0556 55.7143 
14 32 
5 
69.0556 51.7143 67.4444 54 66.6667 55.7857 65.2778 57.6429 66.6111 58.6429 
15 1 
11 
72.9444 53.1429 69.0556 51.7143 67.4444 54 62.6111 52 58.6667 50 57.7222 51.8571 54.8889 50.8571 52.8889 49.2857 51.7778 51.6429 49.7222 51.2857 48.4444 54.1429 
15 2 
10 
72.9444 53.1429 69.0556 51.7143 67.4444 54 62.6111 52 58.6667 50 57.7222 51.8571 54.8889 50.8571 52.8889 49.2857 51.7778 51.6429 49.7222 51.2857 
15 3 
12 
72.9444 53.1429 69.0556 51.7143 67.4444 54 62.6111 52 58.6667 50 57.7222 51.8571 54.8889 50.8571 52.8889 49.2857 51.7778 51.6429 49.7222 51.2857 48.2222 50.5 43.8333 48.7143 
15 4 
7 
72.9444 53.1429 69.0556 51.7143 67.4444 54 66.6667 55.7857 65.2778 57.6429 61.0556 55.7143 56.6111 53.9286 
15 5 
5 
72.9444 53.1429 69.0556 51.7143 67.4444 54 62.6111 52 58.6667 50 
15 6 
4 
72.9444 53.1429 69.0556 51.7143 67.4444 54 62.6111 52 
15 7 
3 
72.9444 53.1429 69.0556 51.7143 67.4444 54 
15 8 
3 
72.9444 53.1429 69.0556 51.7143 70 49.6429 
15 9 
5 
72.9444 53.1429 69.0556 51.7143 70 49.6429 65.5556 48.1429 61.2778 45.8571 
15 10 
5 
72.9444 53.1429 69.0556 51.7143 67.4444 54 66.6667 55.7857 65.2778 57.6429 
15 11 
5 
72.9444 53.1429 69.0556 51.7143 67.4444 54 66.6667 55.7857 61.8333 53.8571 
15 12 
6 
72.9444 53.1429 69.0556 51.7143 67.4444 54 62.6111 52 58.6667 50 57.7222 51.8571 
15 13 
4 
72.9444 53.1429 69.0556 51.7143 67.4444 54 66.6667 55.7857 
15 14 
2 
72.9444 53.1429 69.0556 51.7143 
15 15 
1 
72.9444 53.1429 
15 16 
4 
72.9444 53.1429 69.0556 51.7143 70 49.6429 65.5556 48.1429 
15 17 
8 
72.9444 53.1429 69.0556 51.7143 67.4444 54 62.6111 52 58.6667 50 57.7222 51.8571 54.8889 50.8571 52.8889 49.2857 
15 18 
7 
72.9444 53.1429 69.0556 51.7143 67.4444 54 62.6111 52 58.6667 50 57.7222 51.8571 54.8889 50.8571 
15 19 
9 
72.9444 53.1429 69.0556 51.7143 67.4444 54 62.6111 52 58.6667 50 57.7222 51.8571 54.8889 50.8571 52.8889 49.2857 53.7222 48 
15 20 
9 
72.9444 53.1429 69.0556 51.7143 67.4444 54 62.6111 52 58.6667 50 57.7222 51.8571 54.8889 50.8571 52.8889 49.2857 51.7778 51.6429 
15 21 
8 
72.9444 53.1429 69.0556 51.7143 67.4444 54 66.6667 55.7857 65.2778 57.6429 61.0556 55.7143 56.6111 53.9286 55 56.4286 
15 22 
6 
72.9444 53.1429 69.0556 51.7143 67.4444 54 66.6667 55.7857 65.2778 57.6429 64.1667 60 
15 23 
3 
72.9444 53.1429 71.6111 55.5714 69.6111 59.4286 
15 24 
2 
72.9444 53.1429 71.6111 55.5714 
15 25 
11 
72.9444 53.1429 69.0556 51.7143 67.4444 54 62.6111 52 58.6667 50 57.7222 51.8571 54.8889 50.8571 52.8889 49.2857 51.7778 51.6429 49.7222 51.2857 48.2222 50.5 
15 26 
5 
72.9444 53.1429 69.0556 51.7143 70 49.6429 65.5556 48.1429 66.7222 46.3571 
15 27 
6 
72.9444 53.1429 69.0556 51.7143 67.4444 54 66.6667 55.7857 65.2778 57.6429 61.0556 55.7143 
15 32 
6 
72.9444 53.1429 69.0556 51.7143 67.4444 54 66.6667 55.7857 65.2778 57.6429 66.6111 58.6429 
16 1 
9 
65.5556 48.1429 61.2778 45.8571 58.6667 50 57.7222 51.8571 54.8889 50.8571 52.8889 49.2857 51.7778 51.6429 49.7222 51.2857 48.4444 54.1429 
16 2 
8 
65.5556 48.1429 61.2778 45.8571 58.6667 50 57.7222 51.8571 54.8889 50.8571 52.8889 49.2857 51.7778 51.6429 49.7222 51.2857 
16 3 
10 
65.5556 48.1429 61.2778 45.8571 58.6667 50 57.7222 51.8571 54.8889 50.8571 52.8889 49.2857 51.7778 51.6429 49.7222 51.2857 48.2222 50.5 43.8333 48.7143 
16 4 
5 
65.5556 48.1429 61.2778 45.8571 58.6667 50 57.7222 51.8571 56.6111 53.9286 
16 5 
3 
65.5556 48.1429 61.2778 45.8571 58.6667 50 
16 6 
5 
65.5556 48.1429 70 49.6429 69.0556 51.7143 67.4444 54 62.6111 52 
16 7 
4 
65.5556 48.1429 70 49.6429 69.0556 51.7143 67.4444 54 
16 8 
2 
65.5556 48.1429 70 49.6429 
16 9 
2 
65.5556 48.1429 61.2778 45.8571 
16 10 
6 
65.5556 48.1429 70 49.6429 69.0556 51.7143 67.4444 54 66.6667 55.7857 65.2778 57.6429 
16 11 
6 
65.5556 48.1429 70 49.6429 69.0556 51.7143 67.4444 54 66.6667 55.7857 61.8333 53.8571 
16 12 
4 
65.5556 48.1429 61.2778 45.8571 58.6667 50 57.7222 51.8571 
16 13 
5 
65.5556 48.1429 70 49.6429 69.0556 51.7143 67.4444 54 66.6667 55.7857 
16 14 
3 
65.5556 48.1429 70 49.6429 69.0556 51.7143 
16 15 
4 
65.5556 48.1429 70 49.6429 69.0556 51.7143 72.9444 53.1429 
16 16 
1 
65.5556 48.1429 
16 17 
6 
65.5556 48.1429 61.2778 45.8571 58.6667 50 57.7222 51.8571 54.8889 50.8571 52.8889 49.2857 
16 18 
5 
65.5556 48.1429 61.2778 45.8571 58.6667 50 57.7222 51.8571 54.8889 50.8571 
16 19 
7 
65.5556 48.1429 61.2778 45.8571 58.6667 50 57.7222 51.8571 54.8889 50.8571 52.8889 49.2857 53.7222 48 
16 20 
7 
65.5556 48.1429 61.2778 45.8571 58.6667 50 57.7222 51.8571 54.8889 50.8571 52.8889 49.2857 51.7778 51.6429 
16 21 
6 
65.5556 48.1429 61.2778 45.8571 58.6667 50 57.7222 51.8571 56.6111 53.9286 55 56.4286 
16 22 
7 
65.5556 48.1429 70 49.6429 69.0556 51.7143 67.4444 54 66.6667 55.7857 65.2778 57.6429 64.1667 60 
16 23 
7 
65.5556 48.1429 70 49.6429 69.0556 51.7143 67.4444 54 66.6667 55.7857 65.2778 57.6429 69.6111 59.4286 
16 24 
5 
65.5556 48.1429 70 49.6429 69.0556 51.7143 72.9444 53.1429 71.6111 55.5714 
16 25 
9 
65.5556 48.1429 61.2778 45.8571 58.6667 50 57.7222 51.8571 54.8889 50.8571 52.8889 49.2857 51.7778 51.6429 49.7222 51.2857 48.2222 50.5 
16 26 
2 
65.5556 48.1429 66.7222 46.3571 
16 27 
7 
65.5556 48.1429 70 49.6429 69.0556 51.7143 67.4444 54 66.6667 55.7857 65.2778 57.6429 61.0556 55.7143 
16 32 
7 
65.5556 48.1429 70 49.6429 69.0556 51.7143 67.4444 54 66.6667 55.7857 65.2778 57.6429 66.6111 58.6429 
17 1 
4 
52.8889 49.2857 51.7778 51.6429 49.7222 51.2857 48.4444 54.1429 
17 2 
3 
52.8889 49.2857 51.7778 51.6429 49.7222 51.2857 
17 3 
5 
52.8889 49.2857 51.7778 51.6429 49.7222 51.2857 48.2222 50.5 43.8333 48.7143 
17 4 
4 
52.8889 49.2857 54.8889 50.8571 57.7222 51.8571 56.6111 53.9286 
17 5 
4 
52.8889 49.2857 54.8889 50.8571 57.7222 51.8571 58.6667 50 
17 6 
5 
52.8889 49.2857 54.8889 50.8571 57.7222 51.8571 58.6667 50 62.6111 52 
17 7 
6 
52.8889 49.2857 54.8889 50.8571 57.7222 51.8571 58.6667 50 62.6111 52 67.4444 54 
17 8 
8 
52.8889 49.2857 54.8889 50.8571 57.7222 51.8571 58.6667 50 62.6111 52 67.4444 54 69.0556 51.7143 70 49.6429 
17 9 
5 
52.8889 49.2857 54.8889 50.8571 57.7222 51.8571 58.6667 50 61.2778 45.8571 
17 10 
6 
52.8889 49.2857 54.8889 50.8571 57.7222 51.8571 61.8333 53.8571 61.0556 55.7143 65.2778 57.6429 
17 11 
4 
52.8889 49.2857 54.8889 50.8571 57.7222 51.8571 61.8333 53.8571 
17 12 
3 
52.8889 49.2857 54.8889 50.8571 57.7222 51.8571 
17 13 
5 
52.8889 49.2857 54.8889 50.8571 57.7222 51.8571 61.8333 53.8571 66.6667 55.7857 
17 14 
7 
52.8889 49.2857 54.8889 50.8571 57.7222 51.8571 58.6667 50 62.6111 52 67.4444 54 69.0556 51.7143 
17 15 
8 
52.8889 49.2857 54.8889 50.8571 57.7222 51.8571 58.6667 50 62.6111 52 67.4444 54 69.0556 51.7143 72.9444 53.1429 
17 16 
6 
52.8889 49.2857 54.8889 50.8571 57.7222 51.8571 58.6667 50 61.2778 45.8571 65.5556 48.1429 
17 17 
1 
52.8889 49.2857 
17 18 
2 
52.8889 49.2857 54.8889 50.8571 
17 19 
2 
52.8889 49.2857 53.7222 48 
17 20 
2 
52.8889 49.2857 51.7778 51.6429 
17 21 
5 
52.8889 49.2857 54.8889 50.8571 57.7222 51.8571 56.6111 53.9286 55 56.4286 
17 22 
7 
52.8889 49.2857 54.8889 50.8571 57.7222 51.8571 61.8333 53.8571 61.0556 55.7143 65.2778 57.6429 64.1667 60 
17 23 
7 
52.8889 49.2857 54.8889 50.8571 57.7222 51.8571 61.8333 53.8571 61.0556 55.7143 65.2778 57.6429 69.6111 59.4286 
17 24 
7 
52.8889 49.2857 54.8889 50.8571 57.7222 51.8571 58.6667 50 62.6111 52 67.4444 54 71.6111 55.5714 
17 25 
4 
52.8889 49.2857 51.7778 51.6429 49.7222 51.2857 48.2222 50.5 
17 26 
7 
52.8889 49.2857 54.8889 50.8571 57.7222 51.8571 58.6667 50 61.2778 45.8571 65.5556 48.1429 66.7222 46.3571 
17 27 
5 
52.8889 49.2857 54.8889 50.8571 57.7222 51.8571 61.8333 53.8571 61.0556 55.7143 
17 32 
7 
52.8889 49.2857 54.8889 50.8571 57.7222 51.8571 61.8333 53.8571 61.0556 55.7143 65.2778 57.6429 66.6111 58.6429 
18 1 
5 
54.8889 50.8571 52.8889 49.2857 51.7778 51.6429 49.7222 51.2857 48.4444 54.1429 
18 2 
4 
54.8889 50.8571 52.8889 49.2857 51.7778 51.6429 49.7222 51.2857 
18 3 
6 
54.8889 50.8571 52.8889 49.2857 51.7778 51.6429 49.7222 51.2857 48.2222 50.5 43.8333 48.7143 
18 4 
3 
54.8889 50.8571 57.7222 51.8571 56.6111 53.9286 
18 5 
3 
54.8889 50.8571 57.7222 51.8571 58.6667 50 
18 6 
4 
54.8889 50.8571 57.7222 51.8571 58.6667 50 62.6111 52 
18 7 
5 
54.8889 50.8571 57.7222 51.8571 58.6667 50 62.6111 52 67.4444 54 
18 8 
7 
54.8889 50.8571 57.7222 51.8571 58.6667 50 62.6111 52 67.4444 54 69.0556 51.7143 70 49.6429 
18 9 
4 
54.8889 50.8571 57.7222 51.8571 58.6667 50 61.2778 45.8571 
18 10 
5 
54.8889 50.8571 57.7222 51.8571 61.8333 53.8571 61.0556 55.7143 65.2778 57.6429 
18 11 
3 
54.8889 50.8571 57.7222 51.8571 61.8333 53.8571 
18 12 
2 
54.8889 50.8571 57.7222 51.8571 
18 13 
4 
54.8889 50.8571 57.7222 51.8571 61.8333 53.8571 66.6667 55.7857 
18 14 
6 
54.8889 50.8571 57.7222 51.8571 58.6667 50 62.6111 52 67.4444 54 69.0556 51.7143 
18 15 
7 
54.8889 50.8571 57.7222 51.8571 58.6667 50 62.6111 52 67.4444 54 69.0556 51.7143 72.9444 53.1429 
18 16 
5 
54.8889 50.8571 57.7222 51.8571 58.6667 50 61.2778 45.8571 65.5556 48.1429 
18 17 
2 
54.8889 50.8571 52.8889 49.2857 
18 18 
1 
54.8889 50.8571 
18 19 
3 
54.8889 50.8571 52.8889 49.2857 53.7222 48 
18 20 
3 
54.8889 50.8571 52.8889 49.2857 51.7778 51.6429 
18 21 
4 
54.8889 50.8571 57.7222 51.8571 56.6111 53.9286 55 56.4286 
18 22 
6 
54.8889 50.8571 57.7222 51.8571 61.8333 53.8571 61.0556 55.7143 65.2778 57.6429 64.1667 60 
18 23 
6 
54.8889 50.8571 57.7222 51.8571 61.8333 53.8571 61.0556 55.7143 65.2778 57.6429 69.6111 59.4286 
18 24 
6 
54.8889 50.8571 57.7222 51.8571 58.6667 50 62.6111 52 67.4444 54 71.6111 55.5714 
18 25 
5 
54.8889 50.8571 52.8889 49.2857 51.7778 51.6429 49.7222 51.2857 48.2222 50.5 
18 26 
6 
54.8889 50.8571 57.7222 51.8571 58.6667 50 61.2778 45.8571 65.5556 48.1429 66.7222 46.3571 
18 27 
4 
54.8889 50.8571 57.7222 51.8571 61.8333 53.8571 61.0556 55.7143 
18 32 
6 
54.8889 50.8571 57.7222 51.8571 61.8333 53.8571 61.0556 55.7143 65.2778 57.6429 66.6111 58.6429 
19 1 
5 
53.7222 48 52.8889 49.2857 51.7778 51.6429 49.7222 51.2857 48.4444 54.1429 
19 2 
4 
53.7222 48 52.8889 49.2857 51.7778 51.6429 49.7222 51.2857 
19 3 
6 
53.7222 48 52.8889 49.2857 51.7778 51.6429 49.7222 51.2857 48.2222 50.5 43.8333 48.7143 
19 4 
5 
53.7222 48 52.8889 49.2857 54.8889 50.8571 57.7222 51.8571 56.6111 53.9286 
19 5 
5 
53.7222 48 52.8889 49.2857 54.8889 50.8571 57.7222 51.8571 58.6667 50 
19 6 
6 
53.7222 48 52.8889 49.2857 54.8889 50.8571 57.7222 51.8571 58.6667 50 62.6111 52 
19 7 
7 
53.7222 48 52.8889 49.2857 54.8889 50.8571 57.7222 51.8571 58.6667 50 62.6111 52 67.4444 54 
19 8 
9 
53.7222 48 52.8889 49.2857 54.8889 50.8571 57.7222 51.8571 58.6667 50 62.6111 52 67.4444 54 69.0556 51.7143 70 49.6429 
19 9 
6 
53.7222 48 52.8889 49.2857 54.8889 50.8571 57.7222 51.8571 58.6667 50 61.2778 45.8571 
19 10 
7 
53.7222 48 52.8889 49.2857 54.8889 50.8571 57.7222 51.8571 61.8333 53.8571 61.0556 55.7143 65.2778 57.6429 
19 11 
5 
53.7222 48 52.8889 49.2857 54.8889 50.8571 57.7222 51.8571 61.8333 53.8571 
19 12 
4 
53.7222 48 52.8889 49.2857 54.8889 50.8571 57.7222 51.8571 
19 13 
6 
53.7222 48 52.8889 49.2857 54.8889 50.8571 57.7222 51.8571 61.8333 53.8571 66.6667 55.7857 
19 14 
8 
53.7222 48 52.8889 49.2857 54.8889 50.8571 57.7222 51.8571 58.6667 50 62.6111 52 67.4444 54 69.0556 51.7143 
19 15 
9 
53.7222 48 52.8889 49.2857 54.8889 50.8571 57.7222 51.8571 58.6667 50 62.6111 52 67.4444 54 69.0556 51.7143 72.9444 53.1429 
19 16 
7 
53.7222 48 52.8889 49.2857 54.8889 50.8571 57.7222 51.8571 58.6667 50 61.2778 45.8571 65.5556 48.1429 
19 17 
2 
53.7222 48 52.8889 49.2857 
19 18 
3 
53.7222 48 52.8889 49.2857 54.8889 50.8571 
19 19 
1 
53.7222 48 
19 20 
3 
53.7222 48 52.8889 49.2857 51.7778 51.6429 
19 21 
6 
53.7222 48 52.8889 49.2857 54.8889 50.8571 57.7222 51.8571 56.6111 53.9286 55 56.4286 
19 22 
8 
53.7222 48 52.8889 49.2857 54.8889 50.8571 57.7222 51.8571 61.8333 53.8571 61.0556 55.7143 65.2778 57.6429 64.1667 60 
19 23 
8 
53.7222 48 52.8889 49.2857 54.8889 50.8571 57.7222 51.8571 61.8333 53.8571 61.0556 55.7143 65.2778 57.6429 69.6111 59.4286 
19 24 
8 
53.7222 48 52.8889 49.2857 54.8889 50.8571 57.7222 51.8571 58.6667 50 62.6111 52 67.4444 54 71.6111 55.5714 
19 25 
5 
53.7222 48 52.8889 49.2857 51.7778 51.6429 49.7222 51.2857 48.2222 50.5 
19 26 
8 
53.7222 48 52.8889 49.2857 54.8889 50.8571 57.7222 51.8571 58.6667 50 61.2778 45.8571 65.5556 48.1429 66.7222 46.3571 
19 27 
6 
53.7222 48 52.8889 49.2857 54.8889 50.8571 57.7222 51.8571 61.8333 53.8571 61.0556 55.7143 
19 32 
8 
53.7222 48 52.8889 49.2857 54.8889 50.8571 57.7222 51.8571 61.8333 53.8571 61.0556 55.7143 65.2778 57.6429 66.6111 58.6429 
20 1 
3 
51.7778 51.6429 49.7222 51.2857 48.4444 54.1429 
20 2 
2 
51.7778 51.6429 49.7222 51.2857 
20 3 
4 
51.7778 51.6429 49.7222 51.2857 48.2222 50.5 43.8333 48.7143 
20 4 
5 
51.7778 51.6429 52.8889 49.2857 54.8889 50.8571 57.7222 51.8571 56.6111 53.9286 
20 5 
5 
51.7778 51.6429 52.8889 49.2857 54.8889 50.8571 57.7222 51.8571 58.6667 50 
20 6 
6 
51.7778 51.6429 52.8889 49.2857 54.8889 50.8571 57.7222 51.8571 58.6667 50 62.6111 52 
20 7 
7 
51.7778 51.6429 52.8889 49.2857 54.8889 50.8571 57.7222 51.8571 58.6667 50 62.6111 52 67.4444 54 
20 8 
9 
51.7778 51.6429 52.8889 49.2857 54.8889 50.8571 57.7222 51.8571 58.6667 50 62.6111 52 67.4444 54 69.0556 51.7143 70 49.6429 
20 9 
6 
51.7778 51.6429 52.8889 49.2857 54.8889 50.8571 57.7222 51.8571 58.6667 50 61.2778 45.8571 
20 10 
7 
51.7778 51.6429 52.8889 49.2857 54.8889 50.8571 57.7222 51.8571 61.8333 53.8571 61.0556 55.7143 65.2778 57.6429 
20 11 
5 
51.7778 51.6429 52.8889 49.2857 54.8889 50.8571 57.7222 51.8571 61.8333 53.8571 
20 12 
4 
51.7778 51.6429 52.8889 49.2857 54.8889 50.8571 57.7222 51.8571 
20 13 
6 
51.7778 51.6429 52.8889 49.2857 54.8889 50.8571 57.7222 51.8571 61.8333 53.8571 66.6667 55.7857 
20 14 
8 
51.7778 51.6429 52.8889 49.2857 54.8889 50.8571 57.7222 51.8571 58.6667 50 62.6111 52 67.4444 54 69.0556 51.7143 
20 15 
9 
51.7778 51.6429 52.8889 49.2857 54.8889 50.8571 57.7222 51.8571 58.6667 50 62.6111 52 67.4444 54 69.0556 51.7143 72.9444 53.1429 
20 16 
7 
51.7778 51.6429 52.8889 49.2857 54.8889 50.8571 57.7222 51.8571 58.6667 50 61.2778 45.8571 65.5556 48.1429 
20 17 
2 
51.7778 51.6429 52.8889 49.2857 
20 18 
3 
51.7778 51.6429 52.8889 49.2857 54.8889 50.8571 
20 19 
3 
51.7778 51.6429 52.8889 49.2857 53.7222 48 
20 20 
1 
51.7778 51.6429 
20 21 
6 
51.7778 51.6429 52.8889 49.2857 54.8889 50.8571 57.7222 51.8571 56.6111 53.9286 55 56.4286 
20 22 
8 
51.7778 51.6429 52.8889 49.2857 54.8889 50.8571 57.7222 51.8571 61.8333 53.8571 61.0556 55.7143 65.2778 57.6429 64.1667 60 
20 23 
8 
51.7778 51.6429 52.8889 49.2857 54.8889 50.8571 57.7222 51.8571 61.8333 53.8571 61.0556 55.7143 65.2778 57.6429 69.6111 59.4286 
20 24 
8 
51.7778 51.6429 52.8889 49.2857 54.8889 50.8571 57.7222 51.8571 58.6667 50 62.6111 52 67.4444 54 71.6111 55.5714 
20 25 
3 
51.7778 51.6429 49.7222 51.2857 48.2222 50.5 
20 26 
8 
51.7778 51.6429 52.8889 49.2857 54.8889 50.8571 57.7222 51.8571 58.6667 50 61.2778 45.8571 65.5556 48.1429 66.7222 46.3571 
20 27 
6 
51.7778 51.6429 52.8889 49.2857 54.8889 50.8571 57.7222 51.8571 61.8333 53.8571 61.0556 55.7143 
20 32 
8 
51.7778 51.6429 52.8889 49.2857 54.8889 50.8571 57.7222 51.8571 61.8333 53.8571 61.0556 55.7143 65.2778 57.6429 66.6111 58.6429 
21 1 
8 
55 56.4286 56.6111 53.9286 57.7222 51.8571 54.8889 50.8571 52.8889 49.2857 51.7778 51.6429 49.7222 51.2857 48.4444 54.1429 
21 2 
7 
55 56.4286 56.6111 53.9286 57.7222 51.8571 54.8889 50.8571 52.8889 49.2857 51.7778 51.6429 49.7222 51.2857 
21 3 
9 
55 56.4286 56.6111 53.9286 57.7222 51.8571 54.8889 50.8571 52.8889 49.2857 51.7778 51.6429 49.7222 51.2857 48.2222 50.5 43.8333 48.7143 
21 4 
2 
55 56.4286 56.6111 53.9286 
21 5 
4 
55 56.4286 56.6111 53.9286 57.7222 51.8571 58.6667 50 
21 6 
5 
55 56.4286 56.6111 53.9286 57.7222 51.8571 58.6667 50 62.6111 52 
21 7 
6 
55 56.4286 56.6111 53.9286 61.0556 55.7143 65.2778 57.6429 66.6667 55.7857 67.4444 54 
21 8 
8 
55 56.4286 56.6111 53.9286 61.0556 55.7143 65.2778 57.6429 66.6667 55.7857 67.4444 54 69.0556 51.7143 70 49.6429 
21 9 
5 
55 56.4286 56.6111 53.9286 57.7222 51.8571 58.6667 50 61.2778 45.8571 
21 10 
4 
55 56.4286 56.6111 53.9286 61.0556 55.7143 65.2778 57.6429 
21 11 
4 
55 56.4286 56.6111 53.9286 57.7222 51.8571 61.8333 53.8571 
21 12 
3 
55 56.4286 56.6111 53.9286 57.7222 51.8571 
21 13 
5 
55 56.4286 56.6111 53.9286 61.0556 55.7143 65.2778 57.6429 66.6667 55.7857 
21 14 
7 
55 56.4286 56.6111 53.9286 61.0556 55.7143 65.2778 57.6429 66.6667 55.7857 67.4444 54 69.0556 51.7143 
21 15 
8 
55 56.4286 56.6111 53.9286 61.0556 55.7143 65.2778 57.6429 66.6667 55.7857 67.4444 54 69.0556 51.7143 72.9444 53.1429 
21 16 
6 
55 56.4286 56.6111 53.9286 57.7222 51.8571 58.6667 50 61.2778 45.8571 65.5556 48.1429 
21 17 
5 
55 56.4286 56.6111 53.9286 57.7222 51.8571 54.8889 50.8571 52.8889 49.2857 
21 18 
4 
55 56.4286 56.6111 53.9286 57.7222 51.8571 54.8889 50.8571 
21 19 
6 
55 56.4286 56.6111 53.9286 57.7222 51.8571 54.8889 50.8571 52.8889 49.2857 53.7222 48 
21 20 
6 
55 56.4286 56.6111 53.9286 57.7222 51.8571 54.8889 50.8571 52.8889 49.2857 51.7778 51.6429 
21 21 
1 
55 56.4286 
21 22 
5 
55 56.4286 56.6111 53.9286 61.0556 55.7143 65.2778 57.6429 64.1667 60 
21 23 
5 
55 56.4286 56.6111 53.9286 61.0556 55.7143 65.2778 57.6429 69.6111 59.4286 
21 24 
7 
55 56.4286 56.6111 53.9286 61.0556 55.7143 65.2778 57.6429 66.6667 55.7857 67.4444 54 71.6111 55.5714 
21 25 
8 
55 56.4286 56.6111 53.9286 57.7222 51.8571 54.8889 50.8571 52.8889 49.2857 51.7778 51.6429 49.7222 51.2857 48.2222 50.5 
21 26 
7 
55 56.4286 56.6111 53.9286 57.7222 51.8571 58.6667 50 61.2778 45.8571 65.5556 48.1429 66.7222 46.3571 
21 27 
3 
55 56.4286 56.6111 53.9286 61.0556 55.7143 
21 32 
5 
55 56.4286 56.6111 53.9286 61.0556 55.7143 65.2778 57.6429 66.6111 58.6429 
22 1 
10 
64.1667 60 65.2778 57.6429 61.0556 55.7143 61.8333 53.8571 57.7222 51.8571 54.8889 50.8571 52.8889 49.2857 51.7778 51.6429 49.7222 51.2857 48.4444 54.1429 
22 2 
9 
64.1667 60 65.2778 57.6429 61.0556 55.7143 61.8333 53.8571 57.7222 51.8571 54.8889 50.8571 52.8889 49.2857 51.7778 51.6429 49.7222 51.2857 
22 3 
11 
64.1667 60 65.2778 57.6429 61.0556 55.7143 61.8333 53.8571 57.7222 51.8571 54.8889 50.8571 52.8889 49.2857 51.7778 51.6429 49.7222 51.2857 48.2222 50.5 43.8333 48.7143 
22 4 
4 
64.1667 60 65.2778 57.6429 61.0556 55.7143 56.6111 53.9286 
22 5 
6 
64.1667 60 65.2778 57.6429 61.0556 55.7143 61.8333 53.8571 62.6111 52 58.6667 50 
22 6 
5 
64.1667 60 65.2778 57.6429 61.0556 55.7143 61.8333 53.8571 62.6111 52 
22 7 
4 
64.1667 60 65.2778 57.6429 66.6667 55.7857 67.4444 54 
22 8 
6 
64.1667 60 65.2778 57.6429 66.6667 55.7857 67.4444 54 69.0556 51.7143 70 49.6429 
22 9 
8 
64.1667 60 65.2778 57.6429 66.6667 55.7857 67.4444 54 69.0556 51.7143 70 49.6429 65.5556 48.1429 61.2778 45.8571 
22 10 
2 
64.1667 60 65.2778 57.6429 
22 11 
4 
64.1667 60 65.2778 57.6429 61.0556 55.7143 61.8333 53.8571 
22 12 
5 
64.1667 60 65.2778 57.6429 61.0556 55.7143 61.8333 53.8571 57.7222 51.8571 
22 13 
3 
64.1667 60 65.2778 57.6429 66.6667 55.7857 
22 14 
5 
64.1667 60 65.2778 57.6429 66.6667 55.7857 67.4444 54 69.0556 51.7143 
22 15 
6 
64.1667 60 65.2778 57.6429 66.6667 55.7857 67.4444 54 69.0556 51.7143 72.9444 53.1429 
22 16 
7 
64.1667 60 65.2778 57.6429 66.6667 55.7857 67.4444 54 69.0556 51.7143 70 49.6429 65.5556 48.1429 
22 17 
7 
64.1667 60 65.2778 57.6429 61.0556 55.7143 61.8333 53.8571 57.7222 51.8571 54.8889 50.8571 52.8889 49.2857 
22 18 
6 
64.1667 60 65.2778 57.6429 61.0556 55.7143 61.8333 53.8571 57.7222 51.8571 54.8889 50.8571 
22 19 
8 
64.1667 60 65.2778 57.6429 61.0556 55.7143 61.8333 53.8571 57.7222 51.8571 54.8889 50.8571 52.8889 49.2857 53.7222 48 
22 20 
8 
64.1667 60 65.2778 57.6429 61.0556 55.7143 61.8333 53.8571 57.7222 51.8571 54.8889 50.8571 52.8889 49.2857 51.7778 51.6429 
22 21 
5 
64.1667 60 65.2778 57.6429 61.0556 55.7143 56.6111 53.9286 55 56.4286 
22 22 
1 
64.1667 60 
22 23 
3 
64.1667 60 65.2778 57.6429 69.6111 59.4286 
22 24 
5 
64.1667 60 65.2778 57.6429 66.6667 55.7857 67.4444 54 71.6111 55.5714 
22 25 
10 
64.1667 60 65.2778 57.6429 61.0556 55.7143 61.8333 53.8571 57.7222 51.8571 54.8889 50.8571 52.8889 49.2857 51.7778 51.6429 49.7222 51.2857 48.2222 50.5 
22 26 
8 
64.1667 60 65.2778 57.6429 66.6667 55.7857 67.4444 54 69.0556 51.7143 70 49.6429 65.5556 48.1429 66.7222 46.3571 
22 27 
3 
64.1667 60 65.2778 57.6429 61.0556 55.7143 
22 32 
3 
64.1667 60 65.2778 57.6429 66.6111 58.6429 
23 1 
10 
69.6111 59.4286 65.2778 57.6429 61.0556 55.7143 61.8333 53.8571 57.7222 51.8571 54.8889 50.8571 52.8889 49.2857 51.7778 51.6429 49.7222 51.2857 48.4444 54.1429 
23 2 
9 
69.6111 59.4286 65.2778 57.6429 61.0556 55.7143 61.8333 53.8571 57.7222 51.8571 54.8889 50.8571 52.8889 49.2857 51.7778 51.6429 49.7222 51.2857 
23 3 
11 
69.6111 59.4286 65.2778 57.6429 61.0556 55.7143 61.8333 53.8571 57.7222 51.8571 54.8889 50.8571 52.8889 49.2857 51.7778 51.6429 49.7222 51.2857 48.2222 50.5 43.8333 48.7143 
23 4 
4 
69.6111 59.4286 65.2778 57.6429 61.0556 55.7143 56.6111 53.9286 
23 5 
6 
69.6111 59.4286 65.2778 57.6429 61.0556 55.7143 61.8333 53.8571 62.6111 52 58.6667 50 
23 6 
5 
69.6111 59.4286 65.2778 57.6429 61.0556 55.7143 61.8333 53.8571 62.6111 52 
23 7 
4 
69.6111 59.4286 65.2778 57.6429 66.6667 55.7857 67.4444 54 
23 8 
6 
69.6111 59.4286 65.2778 57.6429 66.6667 55.7857 67.4444 54 69.0556 51.7143 70 49.6429 
23 9 
8 
69.6111 59.4286 65.2778 57.6429 66.6667 55.7857 67.4444 54 69.0556 51.7143 70 49.6429 65.5556 48.1429 61.2778 45.8571 
23 10 
2 
69.6111 59.4286 65.2778 57.6429 
23 11 
4 
69.6111 59.4286 65.2778 57.6429 61.0556 55.7143 61.8333 53.8571 
23 12 
5 
69.6111 59.4286 65.2778 57.6429 61.0556 55.7143 61.8333 53.8571 57.7222 51.8571 
23 13 
3 
69.6111 59.4286 65.2778 57.6429 66.6667 55.7857 
23 14 
5 
69.6111 59.4286 65.2778 57.6429 66.6667 55.7857 67.4444 54 69.0556 51.7143 
23 15 
3 
69.6111 59.4286 71.6111 55.5714 72.9444 53.1429 
23 16 
7 
69.6111 59.4286 65.2778 57.6429 66.6667 55.7857 67.4444 54 69.0556 51.7143 70 49.6429 65.5556 48.1429 
23 17 
7 
69.6111 59.4286 65.2778 57.6429 61.0556 55.7143 61.8333 53.8571 57.7222 51.8571 54.8889 50.8571 52.8889 49.2857 
23 18 
6 
69.6111 59.4286 65.2778 57.6429 61.0556 55.7143 61.8333 53.8571 57.7222 51.8571 54.8889 50.8571 
23 19 
8 
69.6111 59.4286 65.2778 57.6429 61.0556 55.7143 61.8333 53.8571 57.7222 51.8571 54.8889 50.8571 52.8889 49.2857 53.7222 48 
23 20 
8 
69.6111 59.4286 65.2778 57.6429 61.0556 55.7143 61.8333 53.8571 57.7222 51.8571 54.8889 50.8571 52.8889 49.2857 51.7778 51.6429 
23 21 
5 
69.6111 59.4286 65.2778 57.6429 61.0556 55.7143 56.6111 53.9286 55 56.4286 
23 22 
3 
69.6111 59.4286 65.2778 57.6429 64.1667 60 
23 23 
1 
69.6111 59.4286 
23 24 
2 
69.6111 59.4286 71.6111 55.5714 
23 25 
10 
69.6111 59.4286 65.2778 57.6429 61.0556 55.7143 61.8333 53.8571 57.7222 51.8571 54.8889 50.8571 52.8889 49.2857 51.7778 51.6429 49.7222 51.2857 48.2222 50.5 
23 26 
8 
69.6111 59.4286 65.2778 57.6429 66.6667 55.7857 67.4444 54 69.0556 51.7143 70 49.6429 65.5556 48.1429 66.7222 46.3571 
23 27 
3 
69.6111 59.4286 65.2778 57.6429 61.0556 55.7143 
23 32 
3 
69.6111 59.4286 65.2778 57.6429 66.6111 58.6429 
24 1 
10 
71.6111 55.5714 67.4444 54 62.6111 52 58.6667 50 57.7222 51.8571 54.8889 50.8571 52.8889 49.2857 51.7778 51.6429 49.7222 51.2857 48.4444 54.1429 
24 2 
9 
71.6111 55.5714 67.4444 54 62.6111 52 58.6667 50 57.7222 51.8571 54.8889 50.8571 52.8889 49.2857 51.7778 51.6429 49.7222 51.2857 
24 3 
11 
71.6111 55.5714 67.4444 54 62.6111 52 58.6667 50 57.7222 51.8571 54.8889 50.8571 52.8889 49.2857 51.7778 51.6429 49.7222 51.2857 48.2222 50.5 43.8333 48.7143 
24 4 
6 
71.6111 55.5714 67.4444 54 66.6667 55.7857 65.2778 57.6429 61.0556 55.7143 56.6111 53.9286 
24 5 
4 
71.6111 55.5714 67.4444 54 62.6111 52 58.6667 50 
24 6 
3 
71.6111 55.5714 67.4444 54 62.6111 52 
24 7 
2 
71.6111 55.5714 67.4444 54 
24 8 
4 
71.6111 55.5714 72.9444 53.1429 69.0556 51.7143 70 49.6429 
24 9 
6 
71.6111 55.5714 72.9444 53.1429 69.0556 51.7143 70 49.6429 65.5556 48.1429 61.2778 45.8571 
24 10 
4 
71.6111 55.5714 67.4444 54 66.6667 55.7857 65.2778 57.6429 
24 11 
4 
71.6111 55.5714 67.4444 54 66.6667 55.7857 61.8333 53.8571 
24 12 
5 
71.6111 55.5714 67.4444 54 62.6111 52 58.6667 50 57.7222 51.8571 
24 13 
3 
71.6111 55.5714 67.4444 54 66.6667 55.7857 
24 14 
3 
71.6111 55.5714 72.9444 53.1429 69.0556 51.7143 
24 15 
2 
71.6111 55.5714 72.9444 53.1429 
24 16 
5 
71.6111 55.5714 72.9444 53.1429 69.0556 51.7143 70 49.6429 65.5556 48.1429 
24 17 
7 
71.6111 55.5714 67.4444 54 62.6111 52 58.6667 50 57.7222 51.8571 54.8889 50.8571 52.8889 49.2857 
24 18 
6 
71.6111 55.5714 67.4444 54 62.6111 52 58.6667 50 57.7222 51.8571 54.8889 50.8571 
24 19 
8 
71.6111 55.5714 67.4444 54 62.6111 52 58.6667 50 57.7222 51.8571 54.8889 50.8571 52.8889 49.2857 53.7222 48 
24 20 
8 
71.6111 55.5714 67.4444 54 62.6111 52 58.6667 50 57.7222 51.8571 54.8889 50.8571 52.8889 49.2857 51.7778 51.6429 
24 21 
7 
71.6111 55.5714 67.4444 54 66.6667 55.7857 65.2778 57.6429 61.0556 55.7143 56.6111 53.9286 55 56.4286 
24 22 
5 
71.6111 55.5714 67.4444 54 66.6667 55.7857 65.2778 57.6429 64.1667 60 
24 23 
2 
71.6111 55.5714 69.6111 59.4286 
24 24 
1 
71.6111 55.5714 
24 25 
10 
71.6111 55.5714 67.4444 54 62.6111 52 58.6667 50 57.7222 51.8571 54.8889 50.8571 52.8889 49.2857 51.7778 51.6429 49.7222 51.2857 48.2222 50.5 
24 26 
6 
71.6111 55.5714 72.9444 53.1429 69.0556 51.7143 70 49.6429 65.5556 48.1429 66.7222 46.3571 
24 27 
5 
71.6111 55.5714 67.4444 54 66.6667 55.7857 65.2778 57.6429 61.0556 55.7143 
24 32 
5 
71.6111 55.5714 67.4444 54 66.6667 55.7857 65.2778 57.6429 66.6111 58.6429 
25 1 
3 
48.2222 50.5 49.7222 51.2857 48.4444 54.1429 
25 2 
2 
48.2222 50.5 49.7222 51.2857 
25 3 
2 
48.2222 50.5 43.8333 48.7143 
25 4 
7 
48.2222 50.5 49.7222 51.2857 51.7778 51.6429 52.8889 49.2857 54.8889 50.8571 57.7222 51.8571 56.6111 53.9286 
25 5 
7 
48.2222 50.5 49.7222 51.2857 51.7778 51.6429 52.8889 49.2857 54.8889 50.8571 57.7222 51.8571 58.6667 50 
25 6 
8 
48.2222 50.5 49.7222 51.2857 51.7778 51.6429 52.8889 49.2857 54.8889 50.8571 57.7222 51.8571 58.6667 50 62.6111 52 
25 7 
9 
48.2222 50.5 49.7222 51.2857 51.7778 51.6429 52.8889 49.2857 54.8889 50.8571 57.7222 51.8571 58.6667 50 62.6111 52 67.4444 54 
25 8 
11 
48.2222 50.5 49.7222 51.2857 51.7778 51.6429 52.8889 49.2857 54.8889 50.8571 57.7222 51.8571 58.6667 50 62.6111 52 67.4444 54 69.0556 51.7143 70 49.6429 
25 9 
8 
48.2222 50.5 49.7222 51.2857 51.7778 51.6429 52.8889 49.2857 54.8889 50.8571 57.7222 51.8571 58.6667 50 61.2778 45.8571 
25 10 
9 
48.2222 50.5 49.7222 51.2857 51.7778 51.6429 52.8889 49.2857 54.8889 50.8571 57.7222 51.8571 61.8333 53.8571 61.0556 55.7143 65.2778 57.6429 
25 11 
7 
48.2222 50.5 49.7222 51.2857 51.7778 51.6429 52.8889 49.2857 54.8889 50.8571 57.7222 51.8571 61.8333 53.8571 
25 12 
6 
48.2222 50.5 49.7222 51.2857 51.7778 51.6429 52.8889 49.2857 54.8889 50.8571 57.7222 51.8571 
25 13 
8 
48.2222 50.5 49.7222 51.2857 51.7778 51.6429 52.8889 49.2857 54.8889 50.8571 57.7222 51.8571 61.8333 53.8571 66.6667 55.7857 
25 14 
10 
48.2222 50.5 49.7222 51.2857 51.7778 51.6429 52.8889 49.2857 54.8889 50.8571 57.7222 51.8571 58.6667 50 62.6111 52 67.4444 54 69.0556 51.7143 
25 15 
11 
48.2222 50.5 49.7222 51.2857 51.7778 51.6429 52.8889 49.2857 54.8889 50.8571 57.7222 51.8571 58.6667 50 62.6111 52 67.4444 54 69.0556 51.7143 72.9444 53.1429 
25 16 
9 
48.2222 50.5 49.7222 51.2857 51.7778 51.6429 52.8889 49.2857 54.8889 50.8571 57.7222 51.8571 58.6667 50 61.2778 45.8571 65.5556 48.1429 
25 17 
4 
48.2222 50.5 49.7222 51.2857 51.7778 51.6429 52.8889 49.2857 
25 18 
5 
48.2222 50.5 49.7222 51.2857 51.7778 51.6429 52.8889 49.2857 54.8889 50.8571 
25 19 
5 
48.2222 50.5 49.7222 51.2857 51.7778 51.6429 52.8889 49.2857 53.7222 48 
25 20 
3 
48.2222 50.5 49.7222 51.2857 51.7778 51.6429 
25 21 
8 
48.2222 50.5 49.7222 51.2857 51.7778 51.6429 52.8889 49.2857 54.8889 50.8571 57.7222 51.8571 56.6111 53.9286 55 56.4286 
25 22 
10 
48.2222 50.5 49.7222 51.2857 51.7778 51.6429 52.8889 49.2857 54.8889 50.8571 57.7222 51.8571 61.8333 53.8571 61.0556 55.7143 65.2778 57.6429 64.1667 60 
25 23 
10 
48.2222 50.5 49.7222 51.2857 51.7778 51.6429 52.8889 49.2857 54.8889 50.8571 57.7222 51.8571 61.8333 53.8571 61.0556 55.7143 65.2778 57.6429 69.6111 59.4286 
25 24 
10 
48.2222 50.5 49.7222 51.2857 51.7778 51.6429 52.8889 49.2857 54.8889 50.8571 57.7222 51.8571 58.6667 50 62.6111 52 67.4444 54 71.6111 55.5714 
25 25 
1 
48.2222 50.5 
25 26 
10 
48.2222 50.5 49.7222 51.2857 51.7778 51.6429 52.8889 49.2857 54.8889 50.8571 57.7222 51.8571 58.6667 50 61.2778 45.8571 65.5556 48.1429 66.7222 46.3571 
25 27 
8 
48.2222 50.5 49.7222 51.2857 51.7778 51.6429 52.8889 49.2857 54.8889 50.8571 57.7222 51.8571 61.8333 53.8571 61.0556 55.7143 
25 32 
10 
48.2222 50.5 49.7222 51.2857 51.7778 51.6429 52.8889 49.2857 54.8889 50.8571 57.7222 51.8571 61.8333 53.8571 61.0556 55.7143 65.2778 57.6429 66.6111 58.6429 
26 1 
10 
66.7222 46.3571 65.5556 48.1429 61.2778 45.8571 58.6667 50 57.7222 51.8571 54.8889 50.8571 52.8889 49.2857 51.7778 51.6429 49.7222 51.2857 48.4444 54.1429 
26 2 
9 
66.7222 46.3571 65.5556 48.1429 61.2778 45.8571 58.6667 50 57.7222 51.8571 54.8889 50.8571 52.8889 49.2857 51.7778 51.6429 49.7222 51.2857 
26 3 
11 
66.7222 46.3571 65.5556 48.1429 61.2778 45.8571 58.6667 50 57.7222 51.8571 54.8889 50.8571 52.8889 49.2857 51.7778 51.6429 49.7222 51.2857 48.2222 50.5 43.8333 48.7143 
26 4 
6 
66.7222 46.3571 65.5556 48.1429 61.2778 45.8571 58.6667 50 57.7222 51.8571 56.6111 53.9286 
26 5 
4 
66.7222 46.3571 65.5556 48.1429 61.2778 45.8571 58.6667 50 
26 6 
6 
66.7222 46.3571 65.5556 48.1429 70 49.6429 69.0556 51.7143 67.4444 54 62.6111 52 
26 7 
5 
66.7222 46.3571 65.5556 48.1429 70 49.6429 69.0556 51.7143 67.4444 54 
26 8 
3 
66.7222 46.3571 65.5556 48.1429 70 49.6429 
26 9 
3 
66.7222 46.3571 65.5556 48.1429 61.2778 45.8571 
26 10 
7 
66.7222 46.3571 65.5556 48.1429 70 49.6429 69.0556 51.7143 67.4444 54 66.6667 55.7857 65.2778 57.6429 
26 11 
7 
66.7222 46.3571 65.5556 48.1429 70 49.6429 69.0556 51.7143 67.4444 54 66.6667 55.7857 61.8333 53.8571 
26 12 
5 
66.7222 46.3571 65.5556 48.1429 61.2778 45.8571 58.6667 50 57.7222 51.8571 
26 13 
6 
66.7222 46.3571 65.5556 48.1429 70 49.6429 69.0556 51.7143 67.4444 54 66.6667 55.7857 
26 14 
4 
66.7222 46.3571 65.5556 48.1429 70 49.6429 69.0556 51.7143 
26 15 
5 
66.7222 46.3571 65.5556 48.1429 70 49.6429 69.0556 51.7143 72.9444 53.1429 
26 16 
2 
66.7222 46.3571 65.5556 48.1429 
26 17 
7 
66.7222 46.3571 65.5556 48.1429 61.2778 45.8571 58.6667 50 57.7222 51.8571 54.8889 50.8571 52.8889 49.2857 
26 18 
6 
66.7222 46.3571 65.5556 48.1429 61.2778 45.8571 58.6667 50 57.7222 51.8571 54.8889 50.8571 
26 19 
8 
66.7222 46.3571 65.5556 48.1429 61.2778 45.8571 58.6667 50 57.7222 51.8571 54.8889 50.8571 52.8889 49.2857 53.7222 48 
26 20 
8 
66.7222 46.3571 65.5556 48.1429 61.2778 45.8571 58.6667 50 57.7222 51.8571 54.8889 50.8571 52.8889 49.2857 51.7778 51.6429 
26 21 
7 
66.7222 46.3571 65.5556 48.1429 61.2778 45.8571 58.6667 50 57.7222 51.8571 56.6111 53.9286 55 56.4286 
26 22 
8 
66.7222 46.3571 65.5556 48.1429 70 49.6429 69.0556 51.7143 67.4444 54 66.6667 55.7857 65.2778 57.6429 64.1667 60 
26 23 
8 
66.7222 46.3571 65.5556 48.1429 70 49.6429 69.0556 51.7143 67.4444 54 66.6667 55.7857 65.2778 57.6429 69.6111 59.4286 
26 24 
6 
66.7222 46.3571 65.5556 48.1429 70 49.6429 69.0556 51.7143 72.9444 53.1429 71.6111 55.5714 
26 25 
10 
66.7222 46.3571 65.5556 48.1429 61.2778 45.8571 58.6667 50 57.7222 51.8571 54.8889 50.8571 52.8889 49.2857 51.7778 51.6429 49.7222 51.2857 48.2222 50.5 
26 26 
1 
66.7222 46.3571 
26 27 
8 
66.7222 46.3571 65.5556 48.1429 70 49.6429 69.0556 51.7143 67.4444 54 66.6667 55.7857 65.2778 57.6429 61.0556 55.7143 
26 32 
8 
66.7222 46.3571 65.5556 48.1429 70 49.6429 69.0556 51.7143 67.4444 54 66.6667 55.7857 65.2778 57.6429 66.6111 58.6429 
27 1 
8 
61.0556 55.7143 61.8333 53.8571 57.7222 51.8571 54.8889 50.8571 52.8889 49.2857 51.7778 51.6429 49.7222 51.2857 48.4444 54.1429 
27 2 
7 
61.0556 55.7143 61.8333 53.8571 57.7222 51.8571 54.8889 50.8571 52.8889 49.2857 51.7778 51.6429 49.7222 51.2857 
27 3 
9 
61.0556 55.7143 61.8333 53.8571 57.7222 51.8571 54.8889 50.8571 52.8889 49.2857 51.7778 51.6429 49.7222 51.2857 48.2222 50.5 43.8333 48.7143 
27 4 
2 
61.0556 55.7143 56.6111 53.9286 
27 5 
4 
61.0556 55.7143 61.8333 53.8571 62.6111 52 58.6667 50 
27 6 
3 
61.0556 55.7143 61.8333 53.8571 62.6111 52 
27 7 
4 
61.0556 55.7143 65.2778 57.6429 66.6667 55.7857 67.4444 54 
27 8 
6 
61.0556 55.7143 65.2778 57.6429 66.6667 55.7857 67.4444 54 69.0556 51.7143 70 49.6429 
27 9 
5 
61.0556 55.7143 61.8333 53.8571 62.6111 52 58.6667 50 61.2778 45.8571 
27 10 
2 
61.0556 55.7143 65.2778 57.6429 
27 11 
2 
61.0556 55.7143 61.8333 53.8571 
27 12 
3 
61.0556 55.7143 61.8333 53.8571 57.7222 51.8571 
27 13 
3 
61.0556 55.7143 65.2778 57.6429 66.6667 55.7857 
27 14 
5 
61.0556 55.7143 65.2778 57.6429 66.6667 55.7857 67.4444 54 69.0556 51.7143 
27 15 
6 
61.0556 55.7143 65.2778 57.6429 66.6667 55.7857 67.4444 54 69.0556 51.7143 72.9444 53.1429 
27 16 
7 
61.0556 55.7143 65.2778 57.6429 66.6667 55.7857 67.4444 54 69.0556 51.7143 70 49.6429 65.5556 48.1429 
27 17 
5 
61.0556 55.7143 61.8333 53.8571 57.7222 51.8571 54.8889 50.8571 52.8889 49.2857 
27 18 
4 
61.0556 55.7143 61.8333 53.8571 57.7222 51.8571 54.8889 50.8571 
27 19 
6 
61.0556 55.7143 61.8333 53.8571 57.7222 51.8571 54.8889 50.8571 52.8889 49.2857 53.7222 48 
27 20 
6 
61.0556 55.7143 61.8333 53.8571 57.7222 51.8571 54.8889 50.8571 52.8889 49.2857 51.7778 51.6429 
27 21 
3 
61.0556 55.7143 56.6111 53.9286 55 56.4286 
27 22 
3 
61.0556 55.7143 65.2778 57.6429 64.1667 60 
27 23 
3 
61.0556 55.7143 65.2778 57.6429 69.6111 59.4286 
27 24 
5 
61.0556 55.7143 65.2778 57.6429 66.6667 55.7857 67.4444 54 71.6111 55.5714 
27 25 
8 
61.0556 55.7143 61.8333 53.8571 57.7222 51.8571 54.8889 50.8571 52.8889 49.2857 51.7778 51.6429 49.7222 51.2857 48.2222 50.5 
27 26 
8 
61.0556 55.7143 65.2778 57.6429 66.6667 55.7857 67.4444 54 69.0556 51.7143 70 49.6429 65.5556 48.1429 66.7222 46.3571 
27 27 
1 
61.0556 55.7143 
27 32 
3 
61.0556 55.7143 65.2778 57.6429 66.6111 58.6429 
32 1 
10 
66.6111 58.6429 65.2778 57.6429 61.0556 55.7143 61.8333 53.8571 57.7222 51.8571 54.8889 50.8571 52.8889 49.2857 51.7778 51.6429 49.7222 51.2857 48.4444 54.1429 
32 2 
9 
66.6111 58.6429 65.2778 57.6429 61.0556 55.7143 61.8333 53.8571 57.7222 51.8571 54.8889 50.8571 52.8889 49.2857 51.7778 51.6429 49.7222 51.2857 
32 3 
11 
66.6111 58.6429 65.2778 57.6429 61.0556 55.7143 61.8333 53.8571 57.7222 51.8571 54.8889 50.8571 52.8889 49.2857 51.7778 51.6429 49.7222 51.2857 48.2222 50.5 43.8333 48.7143 
32 4 
4 
66.6111 58.6429 65.2778 57.6429 61.0556 55.7143 56.6111 53.9286 
32 5 
6 
66.6111 58.6429 65.2778 57.6429 61.0556 55.7143 61.8333 53.8571 62.6111 52 58.6667 50 
32 6 
5 
66.6111 58.6429 65.2778 57.6429 61.0556 55.7143 61.8333 53.8571 62.6111 52 
32 7 
4 
66.6111 58.6429 65.2778 57.6429 66.6667 55.7857 67.4444 54 
32 8 
6 
66.6111 58.6429 65.2778 57.6429 66.6667 55.7857 67.4444 54 69.0556 51.7143 70 49.6429 
32 9 
8 
66.6111 58.6429 65.2778 57.6429 66.6667 55.7857 67.4444 54 69.0556 51.7143 70 49.6429 65.5556 48.1429 61.2778 45.8571 
32 10 
2 
66.6111 58.6429 65.2778 57.6429 
32 11 
4 
66.6111 58.6429 65.2778 57.6429 61.0556 55.7143 61.8333 53.8571 
32 12 
5 
66.6111 58.6429 65.2778 57.6429 61.0556 55.7143 61.8333 53.8571 57.7222 51.8571 
32 13 
3 
66.6111 58.6429 65.2778 57.6429 66.6667 55.7857 
32 14 
5 
66.6111 58.6429 65.2778 57.6429 66.6667 55.7857 67.4444 54 69.0556 51.7143 
32 15 
6 
66.6111 58.6429 65.2778 57.6429 66.6667 55.7857 67.4444 54 69.0556 51.7143 72.9444 53.1429 
32 16 
7 
66.6111 58.6429 65.2778 57.6429 66.6667 55.7857 67.4444 54 69.0556 51.7143 70 49.6429 65.5556 48.1429 
32 17 
7 
66.6111 58.6429 65.2778 57.6429 61.0556 55.7143 61.8333 53.8571 57.7222 51.8571 54.8889 50.8571 52.8889 49.2857 
32 18 
6 
66.6111 58.6429 65.2778 57.6429 61.0556 55.7143 61.8333 53.8571 57.7222 51.8571 54.8889 50.8571 
32 19 
8 
66.6111 58.6429 65.2778 57.6429 61.0556 55.7143 61.8333 53.8571 57.7222 51.8571 54.8889 50.8571 52.8889 49.2857 53.7222 48 
32 20 
8 
66.6111 58.6429 65.2778 57.6429 61.0556 55.7143 61.8333 53.8571 57.7222 51.8571 54.8889 50.8571 52.8889 49.2857 51.7778 51.6429 
32 21 
5 
66.6111 58.6429 65.2778 57.6429 61.0556 55.7143 56.6111 53.9286 55 56.4286 
32 22 
3 
66.6111 58.6429 65.2778 57.6429 64.1667 60 
32 23 
3 
66.6111 58.6429 65.2778 57.6429 69.6111 59.4286 
32 24 
5 
66.6111 58.6429 65.2778 57.6429 66.6667 55.7857 67.4444 54 71.6111 55.5714 
32 25 
10 
66.6111 58.6429 65.2778 57.6429 61.0556 55.7143 61.8333 53.8571 57.7222 51.8571 54.8889 50.8571 52.8889 49.2857 51.7778 51.6429 49.7222 51.2857 48.2222 50.5 
32 26 
8 
66.6111 58.6429 65.2778 57.6429 66.6667 55.7857 67.4444 54 69.0556 51.7143 70 49.6429 65.5556 48.1429 66.7222 46.3571 
32 27 
3 
66.6111 58.6429 65.2778 57.6429 61.0556 55.7143 
32 32 
1 
66.6111 58.6429 
